  time        kinetic      potential      angular_x      angular_y      angular_z
     0   5.91576e-005    -2.001e-016              0              0     1.884e-005
  0.05 5.3901152e-005-1.9090974e-016              0             -0     1.884e-005
   0.1 5.0824226e-005 -1.850899e-016              0             -0     1.884e-005
  0.15 4.9216284e-005-1.8167435e-016              0             -0     1.884e-005
   0.2 4.8666537e-005-1.8007979e-016              0             -0     1.884e-005
  0.25 4.8906673e-005-1.7991133e-016              0             -0     1.884e-005
   0.3 4.9738747e-005-1.8086717e-016              0              0     1.884e-005
  0.35 5.0997425e-005-1.8268496e-016              0              0     1.884e-005
   0.4 5.2529334e-005-1.8511009e-016              0              0     1.884e-005
  0.45 5.4183673e-005-1.8788051e-016              0              0     1.884e-005
   0.5 5.5812458e-005-1.9072755e-016              0              0     1.884e-005
  0.55 5.7279479e-005 -1.933929e-016              0              0     1.884e-005
   0.6 5.8475215e-005-1.9565764e-016              0              0     1.884e-005
  0.65 5.9332012e-005-1.9737294e-016              0              0     1.884e-005
   0.7 5.9832508e-005-1.9847912e-016              0              0     1.884e-005
  0.75 6.0006743e-005-1.9900405e-016              0              0     1.884e-005
   0.8 5.9918869e-005-1.9904191e-016             -0              0     1.884e-005
  0.85  5.964904e-005-1.9872214e-016             -0              0     1.884e-005
   0.9 5.9276894e-005-1.9818005e-016             -0              0     1.884e-005
  0.95 5.8870456e-005-1.9753612e-016             -0              0     1.884e-005
     1 5.8481023e-005-1.9688531e-016             -0              0     1.884e-005
  1.05 5.8142574e-005-1.9629448e-016             -0              0     1.884e-005
   1.1 5.7873779e-005 -1.958044e-016              0             -0     1.884e-005
  1.15 5.7681078e-005 -1.954342e-016              0             -0     1.884e-005
   1.2 5.7561907e-005 -1.951863e-016              0             -0     1.884e-005
  1.25 5.7507638e-005-1.9505116e-016              0             -0     1.884e-005
   1.3 5.7506059e-005-1.9501155e-016              0             -0     1.884e-005
  1.35 5.7543411e-005-1.9504607e-016              0              0     1.884e-005
   1.4 5.7605972e-005-1.9513211e-016              0              0     1.884e-005
  1.45 5.7681243e-005-1.9524812e-016              0              0     1.884e-005
   1.5 5.7758749e-005-1.9537527e-016              0              0     1.884e-005
  1.55  5.783049e-005-1.9549849e-016              0              0     1.884e-005
   1.6  5.789107e-005-1.9560697e-016              0              0     1.884e-005
  1.65 5.7937552e-005-1.9569407e-016              0              0     1.884e-005
   1.7 5.7969128e-005-1.9575697e-016              0              0     1.884e-005
  1.75 5.7986648e-005-1.9579592e-016              0              0     1.884e-005
   1.8 5.7992113e-005-1.9581346e-016              0              0     1.884e-005
  1.85 5.7988172e-005-1.9581353e-016             -0              0     1.884e-005
   1.9 5.7977694e-005-1.9580076e-016             -0              0     1.884e-005
  1.95 5.7963427e-005-1.9577977e-016             -0              0     1.884e-005
     2 5.7947756e-005-1.9575479e-016             -0              0     1.884e-005
  2.05 5.7932569e-005-1.9572929e-016             -0              0     1.884e-005
   2.1 5.7919207e-005-1.9570586e-016             -0             -0     1.884e-005
  2.15 5.7908477e-005-1.9568623e-016              0             -0     1.884e-005
   2.2 5.7900718e-005-1.9567129e-016              0             -0     1.884e-005
  2.25 5.7895893e-005-1.9566123e-016              0             -0     1.884e-005
   2.3 5.7893692e-005-1.9565574e-016              0             -0     1.884e-005
  2.35 5.7893634e-005-1.9565414e-016              0             -0     1.884e-005
   2.4 5.7895159e-005-1.9565555e-016              0              0     1.884e-005
  2.45   5.78977e-005-1.9565905e-016              0              0     1.884e-005
   2.5 5.7900746e-005-1.9566375e-016              0              0     1.884e-005
  2.55 5.7903868e-005-1.9566887e-016              0              0     1.884e-005
   2.6 5.7906746e-005-1.9567381e-016              0              0     1.884e-005
  2.65 5.7909166e-005-1.9567814e-016              0              0     1.884e-005
   2.7 5.7911014e-005-1.9568161e-016              0              0     1.884e-005
  2.75 5.7912264e-005 -1.956841e-016              0              0     1.884e-005
   2.8 5.7912953e-005-1.9568564e-016              0              0     1.884e-005
  2.85 5.7913163e-005-1.9568632e-016              0              0     1.884e-005
   2.9 5.7912999e-005-1.9568631e-016             -0              0     1.884e-005
  2.95 5.7912576e-005 -1.956858e-016             -0              0     1.884e-005
     3 5.7912004e-005-1.9568495e-016             -0              0     1.884e-005
  3.05 5.7911377e-005-1.9568395e-016             -0              0     1.884e-005
   3.1 5.7910771e-005-1.9568293e-016             -0              0     1.884e-005
  3.15 5.7910237e-005  -1.95682e-016              0             -0     1.884e-005
   3.2 5.7909809e-005-1.9568121e-016              0             -0     1.884e-005
  3.25 5.7909501e-005-1.9568062e-016              0             -0     1.884e-005
   3.3 5.7909309e-005-1.9568022e-016              0             -0     1.884e-005
  3.35 5.7909223e-005   -1.9568e-016              0             -0     1.884e-005
   3.4 5.7909222e-005-1.9567994e-016              0              0     1.884e-005
  3.45 5.7909284e-005   -1.9568e-016              0              0     1.884e-005
   3.5 5.7909386e-005-1.9568014e-016              0              0     1.884e-005
  3.55 5.7909508e-005-1.9568033e-016              0              0     1.884e-005
   3.6 5.7909633e-005-1.9568053e-016              0              0     1.884e-005
  3.65 5.7909748e-005-1.9568073e-016              0              0     1.884e-005
   3.7 5.7909845e-005 -1.956809e-016              0              0     1.884e-005
  3.75 5.7909918e-005-1.9568104e-016              0              0     1.884e-005
   3.8 5.7909968e-005-1.9568114e-016              0              0     1.884e-005
  3.85 5.7909995e-005 -1.956812e-016              0              0     1.884e-005
   3.9 5.7910003e-005-1.9568123e-016             -0              0     1.884e-005
  3.95 5.7909997e-005-1.9568123e-016             -0              0     1.884e-005
     4 5.7909979e-005-1.9568121e-016             -0              0     1.884e-005
  4.05 5.7909956e-005-1.9568117e-016             -0              0     1.884e-005
   4.1 5.7909931e-005-1.9568113e-016             -0              0     1.884e-005
  4.15 5.7909907e-005-1.9568109e-016             -0             -0     1.884e-005
   4.2 5.7909886e-005-1.9568105e-016              0             -0     1.884e-005
  4.25 5.7909869e-005-1.9568102e-016              0             -0     1.884e-005
   4.3 5.7909856e-005  -1.95681e-016              0             -0     1.884e-005
  4.35 5.7909849e-005-1.9568098e-016              0             -0     1.884e-005
   4.4 5.7909845e-005-1.9568097e-016              0             -0     1.884e-005
  4.45 5.7909845e-005-1.9568097e-016              0              0     1.884e-005
   4.5 5.7909848e-005-1.9568097e-016              0              0     1.884e-005
  4.55 5.7909852e-005-1.9568098e-016              0              0     1.884e-005
   4.6 5.7909857e-005-1.9568099e-016              0              0     1.884e-005
  4.65 5.7909862e-005  -1.95681e-016              0              0     1.884e-005
   4.7 5.7909867e-005  -1.95681e-016              0              0     1.884e-005
  4.75  5.790987e-005-1.9568101e-016              0              0     1.884e-005
   4.8 5.7909873e-005-1.9568102e-016              0              0     1.884e-005
  4.85 5.7909875e-005-1.9568102e-016              0              0     1.884e-005
   4.9 5.7909876e-005-1.9568102e-016              0              0     1.884e-005
  4.95 5.7909877e-005-1.9568102e-016             -0              0     1.884e-005
     5 5.7909876e-005-1.9568102e-016             -0              0     1.884e-005
  5.05 5.7909876e-005-1.9568102e-016             -0              0     1.884e-005
   5.1 5.7909875e-005-1.9568102e-016             -0              0     1.884e-005
  5.15 5.7909874e-005-1.9568102e-016             -0              0     1.884e-005
   5.2 5.7909873e-005-1.9568102e-016              0             -0     1.884e-005
  5.25 5.7909872e-005-1.9568102e-016              0             -0     1.884e-005
   5.3 5.7909871e-005-1.9568102e-016              0             -0     1.884e-005
  5.35 5.7909871e-005-1.9568102e-016              0             -0     1.884e-005
   5.4 5.7909871e-005-1.9568101e-016              0             -0     1.884e-005
  5.45  5.790987e-005-1.9568101e-016              0             -0     1.884e-005
   5.5  5.790987e-005-1.9568101e-016              0              0     1.884e-005
  5.55 5.7909871e-005-1.9568101e-016              0              0     1.884e-005
   5.6 5.7909871e-005-1.9568101e-016              0              0     1.884e-005
  5.65 5.7909871e-005-1.9568101e-016              0              0     1.884e-005
   5.7 5.7909871e-005-1.9568101e-016              0              0     1.884e-005
  5.75 5.7909871e-005-1.9568102e-016              0              0     1.884e-005
   5.8 5.7909871e-005-1.9568102e-016              0              0     1.884e-005
  5.85 5.7909872e-005-1.9568102e-016              0              0     1.884e-005
   5.9 5.7909872e-005-1.9568102e-016              0              0     1.884e-005
  5.95 5.7909872e-005-1.9568102e-016             -0              0     1.884e-005
     6 5.7909872e-005-1.9568102e-016             -0              0     1.884e-005
  6.05 5.7909872e-005-1.9568102e-016             -0              0     1.884e-005
   6.1 5.7909872e-005-1.9568102e-016             -0              0     1.884e-005
  6.15 5.7909872e-005-1.9568102e-016             -0              0     1.884e-005
   6.2 5.7909872e-005-1.9568102e-016             -0              0     1.884e-005
  6.25 5.7909872e-005-1.9568102e-016              0             -0     1.884e-005
   6.3 5.7909871e-005-1.9568102e-016              0             -0     1.884e-005
  6.35 5.7909871e-005-1.9568102e-016              0             -0     1.884e-005
   6.4 5.7909871e-005-1.9568102e-016              0             -0     1.884e-005
  6.45 5.7909871e-005-1.9568102e-016              0             -0     1.884e-005
   6.5 5.7909871e-005-1.9568102e-016              0              0     1.884e-005
  6.55 5.7909871e-005-1.9568102e-016              0              0     1.884e-005
   6.6 5.7909871e-005-1.9568102e-016              0              0     1.884e-005
  6.65 5.7909871e-005-1.9568102e-016              0              0     1.884e-005
   6.7 5.7909871e-005-1.9568102e-016              0              0     1.884e-005
  6.75 5.7909871e-005-1.9568102e-016              0              0     1.884e-005
   6.8 5.7909871e-005-1.9568102e-016              0              0     1.884e-005
  6.85 5.7909871e-005-1.9568102e-016              0              0     1.884e-005
   6.9 5.7909871e-005-1.9568102e-016              0              0     1.884e-005
  6.95 5.7909871e-005-1.9568102e-016              0              0     1.884e-005
     7 5.7909871e-005-1.9568102e-016             -0              0     1.884e-005
  7.05 5.7909871e-005-1.9568102e-016             -0              0     1.884e-005
   7.1 5.7909871e-005-1.9568102e-016             -0              0     1.884e-005
  7.15 5.7909871e-005-1.9568102e-016             -0              0     1.884e-005
   7.2 5.7909871e-005-1.9568102e-016             -0              0     1.884e-005
  7.25 5.7909871e-005-1.9568102e-016             -0             -0     1.884e-005
   7.3 5.7909871e-005-1.9568102e-016              0             -0     1.884e-005
  7.35 5.7909871e-005-1.9568102e-016              0             -0     1.884e-005
   7.4 5.7909871e-005-1.9568102e-016              0             -0     1.884e-005
  7.45 5.7909871e-005-1.9568102e-016              0             -0     1.884e-005
   7.5 5.7909871e-005-1.9568102e-016              0             -0     1.884e-005
  7.55 5.7909871e-005-1.9568102e-016              0              0     1.884e-005
   7.6 5.7909871e-005-1.9568102e-016              0              0     1.884e-005
  7.65 5.7909871e-005-1.9568102e-016              0              0     1.884e-005
   7.7 5.7909871e-005-1.9568102e-016              0              0     1.884e-005
  7.75 5.7909871e-005-1.9568102e-016              0              0     1.884e-005
   7.8 5.7909871e-005-1.9568102e-016              0              0     1.884e-005
  7.85 5.7909871e-005-1.9568102e-016              0              0     1.884e-005
   7.9 5.7909871e-005-1.9568102e-016              0              0     1.884e-005
  7.95 5.7909871e-005-1.9568102e-016              0              0     1.884e-005
     8 5.7909871e-005-1.9568102e-016              0              0     1.884e-005
  8.05 5.7909871e-005-1.9568102e-016             -0              0     1.884e-005
   8.1 5.7909871e-005-1.9568102e-016             -0              0     1.884e-005
  8.15 5.7909871e-005-1.9568102e-016             -0              0     1.884e-005
   8.2 5.7909871e-005-1.9568102e-016             -0              0     1.884e-005
  8.25 5.7909871e-005-1.9568102e-016             -0              0     1.884e-005
   8.3 5.7909871e-005-1.9568102e-016              0             -0     1.884e-005
  8.35 5.7909871e-005-1.9568102e-016              0             -0     1.884e-005
   8.4 5.7909871e-005-1.9568102e-016              0             -0     1.884e-005
  8.45 5.7909871e-005-1.9568102e-016              0             -0     1.884e-005
   8.5 5.7909871e-005-1.9568102e-016              0             -0     1.884e-005
  8.55 5.7909871e-005-1.9568102e-016              0              0     1.884e-005
   8.6 5.7909871e-005-1.9568102e-016              0              0     1.884e-005
  8.65 5.7909871e-005-1.9568102e-016              0              0     1.884e-005
   8.7 5.7909871e-005-1.9568102e-016              0              0     1.884e-005
  8.75 5.7909871e-005-1.9568102e-016              0              0     1.884e-005
   8.8 5.7909871e-005-1.9568102e-016              0              0     1.884e-005
  8.85 5.7909871e-005-1.9568102e-016              0              0     1.884e-005
   8.9 5.7909871e-005-1.9568102e-016              0              0     1.884e-005
  8.95 5.7909871e-005-1.9568102e-016              0              0     1.884e-005
     9 5.7909871e-005-1.9568102e-016              0              0     1.884e-005
  9.05 5.7909871e-005-1.9568102e-016             -0              0     1.884e-005
   9.1 5.7909871e-005-1.9568102e-016             -0              0     1.884e-005
  9.15 5.7909871e-005-1.9568102e-016             -0              0     1.884e-005
   9.2 5.7909871e-005-1.9568102e-016             -0              0     1.884e-005
  9.25 5.7909871e-005-1.9568102e-016             -0              0     1.884e-005
   9.3 5.7909871e-005-1.9568102e-016             -0             -0     1.884e-005
  9.35 5.7909871e-005-1.9568102e-016              0             -0     1.884e-005
   9.4 5.7909871e-005-1.9568102e-016              0             -0     1.884e-005
  9.45 5.7909871e-005-1.9568102e-016              0             -0     1.884e-005
   9.5 5.7909871e-005-1.9568102e-016              0             -0     1.884e-005
  9.55 5.7909871e-005-1.9568102e-016              0             -0     1.884e-005
   9.6 5.7909871e-005-1.9568102e-016              0              0     1.884e-005
  9.65 5.7909871e-005-1.9568102e-016              0              0     1.884e-005
   9.7 5.7909871e-005-1.9568102e-016              0              0     1.884e-005
  9.75 5.7909871e-005-1.9568102e-016              0              0     1.884e-005
   9.8 5.7909871e-005-1.9568102e-016              0              0     1.884e-005
  9.85 5.7909871e-005-1.9568102e-016              0              0     1.884e-005
   9.9 5.7909871e-005-1.9568102e-016              0              0     1.884e-005
  9.95 5.7909871e-005-1.9568102e-016              0              0     1.884e-005
    10 5.7909871e-005-1.9568102e-016              0              0     1.884e-005
  10.1 5.7909871e-005-1.9568102e-016              0              0     1.884e-005
  10.1 5.7909871e-005-1.9568102e-016             -0              0     1.884e-005
  10.2 5.7909871e-005-1.9568102e-016             -0              0     1.884e-005
  10.2 5.7909871e-005-1.9568102e-016             -0              0     1.884e-005
  10.3 5.7909871e-005-1.9568102e-016             -0              0     1.884e-005
  10.3 5.7909871e-005-1.9568102e-016             -0              0     1.884e-005
  10.4 5.7909871e-005-1.9568102e-016              0             -0     1.884e-005
  10.4 5.7909871e-005-1.9568102e-016              0             -0     1.884e-005
  10.5 5.7909871e-005-1.9568102e-016              0             -0     1.884e-005
  10.5 5.7909871e-005-1.9568102e-016              0             -0     1.884e-005
  10.6 5.7909871e-005-1.9568102e-016              0             -0     1.884e-005
  10.6 5.7909871e-005-1.9568102e-016              0             -0     1.884e-005
  10.7 5.7909871e-005-1.9568102e-016              0              0     1.884e-005
  10.7 5.7909871e-005-1.9568102e-016              0              0     1.884e-005
  10.8 5.7909871e-005-1.9568102e-016              0              0     1.884e-005
  10.8 5.7909871e-005-1.9568102e-016              0              0     1.884e-005
  10.9 5.7909871e-005-1.9568102e-016              0              0     1.884e-005
  10.9 5.7909871e-005-1.9568102e-016              0              0     1.884e-005
    11 5.7909871e-005-1.9568102e-016              0              0     1.884e-005
    11 5.7909871e-005-1.9568102e-016              0              0     1.884e-005
  11.1 5.7909871e-005-1.9568102e-016              0              0     1.884e-005
  11.1 5.7909871e-005-1.9568102e-016             -0              0     1.884e-005
  11.2 5.7909871e-005-1.9568102e-016             -0              0     1.884e-005
  11.2 5.7909871e-005-1.9568102e-016             -0              0     1.884e-005
  11.3 5.7909871e-005-1.9568102e-016             -0              0     1.884e-005
  11.3 5.7909871e-005-1.9568102e-016             -0              0     1.884e-005
  11.4 5.7909871e-005-1.9568102e-016             -0              0     1.884e-005
  11.4 5.7909871e-005-1.9568102e-016              0             -0     1.884e-005
  11.5 5.7909871e-005-1.9568102e-016              0             -0     1.884e-005
  11.5 5.7909871e-005-1.9568102e-016              0             -0     1.884e-005
  11.6 5.7909871e-005-1.9568102e-016              0             -0     1.884e-005
  11.6 5.7909871e-005-1.9568102e-016              0             -0     1.884e-005
  11.7 5.7909871e-005-1.9568102e-016              0              0     1.884e-005
  11.7 5.7909871e-005-1.9568102e-016              0              0     1.884e-005
  11.8 5.7909871e-005-1.9568102e-016              0              0     1.884e-005
  11.8 5.7909871e-005-1.9568102e-016              0              0     1.884e-005
  11.9 5.7909871e-005-1.9568102e-016              0              0     1.884e-005
  11.9 5.7909871e-005-1.9568102e-016              0              0     1.884e-005
    12 5.7909871e-005-1.9568102e-016              0              0     1.884e-005
    12 5.7909871e-005-1.9568102e-016              0              0     1.884e-005
  12.1 5.7909871e-005-1.9568102e-016              0              0     1.884e-005
  12.1 5.7909871e-005-1.9568102e-016              0              0     1.884e-005
  12.2 5.7909871e-005-1.9568102e-016             -0              0     1.884e-005
  12.2 5.7909871e-005-1.9568102e-016             -0              0     1.884e-005
  12.3 5.7909871e-005-1.9568102e-016             -0              0     1.884e-005
  12.3 5.7909871e-005-1.9568102e-016             -0              0     1.884e-005
  12.4 5.7909871e-005-1.9568102e-016             -0              0     1.884e-005
  12.4 5.7909871e-005-1.9568102e-016             -0             -0     1.884e-005
  12.5 5.7909871e-005-1.9568102e-016              0             -0     1.884e-005
  12.5 5.7909871e-005-1.9568102e-016              0             -0     1.884e-005
  12.6 5.7909871e-005-1.9568102e-016              0             -0     1.884e-005
  12.6 5.7909871e-005-1.9568102e-016              0             -0     1.884e-005
  12.7 5.7909871e-005-1.9568102e-016              0             -0     1.884e-005
  12.7 5.7909871e-005-1.9568102e-016              0              0     1.884e-005
  12.8 5.7909871e-005-1.9568102e-016              0              0     1.884e-005
  12.8 5.7909871e-005-1.9568102e-016              0              0     1.884e-005
  12.9 5.7909871e-005-1.9568102e-016              0              0     1.884e-005
  12.9 5.7909871e-005-1.9568102e-016              0              0     1.884e-005
    13 5.7909871e-005-1.9568102e-016              0              0     1.884e-005
    13 5.7909871e-005-1.9568102e-016              0              0     1.884e-005
  13.1 5.7909871e-005-1.9568102e-016              0              0     1.884e-005
  13.1 5.7909871e-005-1.9568102e-016              0              0     1.884e-005
  13.2 5.7909871e-005-1.9568102e-016              0              0     1.884e-005
  13.2 5.7909871e-005-1.9568102e-016             -0              0     1.884e-005
  13.3 5.7909871e-005-1.9568102e-016             -0              0     1.884e-005
  13.3 5.7909871e-005-1.9568102e-016             -0              0     1.884e-005
  13.4 5.7909871e-005-1.9568102e-016             -0              0     1.884e-005
  13.4 5.7909871e-005-1.9568102e-016             -0              0     1.884e-005
  13.5 5.7909871e-005-1.9568102e-016              0             -0     1.884e-005
  13.5 5.7909871e-005-1.9568102e-016              0             -0     1.884e-005
  13.6 5.7909871e-005-1.9568102e-016              0             -0     1.884e-005
  13.6 5.7909871e-005-1.9568102e-016              0             -0     1.884e-005
  13.7 5.7909871e-005-1.9568102e-016              0             -0     1.884e-005
  13.7 5.7909871e-005-1.9568102e-016              0              0     1.884e-005
  13.8 5.7909871e-005-1.9568102e-016              0              0     1.884e-005
  13.8 5.7909871e-005-1.9568102e-016              0              0     1.884e-005
  13.9 5.7909871e-005-1.9568102e-016              0              0     1.884e-005
  13.9 5.7909871e-005-1.9568102e-016              0              0     1.884e-005
    14 5.7909871e-005-1.9568102e-016              0              0     1.884e-005
    14 5.7909871e-005-1.9568102e-016              0              0     1.884e-005
  14.1 5.7909871e-005-1.9568102e-016              0              0     1.884e-005
  14.1 5.7909871e-005-1.9568102e-016              0              0     1.884e-005
  14.2 5.7909871e-005-1.9568102e-016              0              0     1.884e-005
  14.2 5.7909871e-005-1.9568102e-016             -0              0     1.884e-005
  14.3 5.7909871e-005-1.9568102e-016             -0              0     1.884e-005
  14.3 5.7909871e-005-1.9568102e-016             -0              0     1.884e-005
  14.4 5.7909871e-005-1.9568102e-016             -0              0     1.884e-005
  14.4 5.7909871e-005-1.9568102e-016             -0              0     1.884e-005
  14.5 5.7909871e-005-1.9568102e-016             -0             -0     1.884e-005
  14.5 5.7909871e-005-1.9568102e-016              0             -0     1.884e-005
  14.6 5.7909871e-005-1.9568102e-016              0             -0     1.884e-005
  14.6 5.7909871e-005-1.9568102e-016              0             -0     1.884e-005
  14.7 5.7909871e-005-1.9568102e-016              0             -0     1.884e-005
  14.7 5.7909871e-005-1.9568102e-016              0             -0     1.884e-005
  14.8 5.7909871e-005-1.9568102e-016              0              0     1.884e-005
  14.8 5.7909871e-005-1.9568102e-016              0              0     1.884e-005
  14.9 5.7909871e-005-1.9568102e-016              0              0     1.884e-005
  14.9 5.7909871e-005-1.9568102e-016              0              0     1.884e-005
    15 5.7909871e-005-1.9568102e-016              0              0     1.884e-005
    15 5.7909871e-005-1.9568102e-016              0              0     1.884e-005
  15.1 5.7909871e-005-1.9568102e-016              0              0     1.884e-005
  15.1 5.7909871e-005-1.9568102e-016              0              0     1.884e-005
  15.2 5.7909871e-005-1.9568102e-016              0              0     1.884e-005
  15.2 5.7909871e-005-1.9568102e-016              0              0     1.884e-005
  15.3 5.7909871e-005-1.9568102e-016             -0              0     1.884e-005
  15.3 5.7909871e-005-1.9568102e-016             -0              0     1.884e-005
  15.4 5.7909871e-005-1.9568102e-016             -0              0     1.884e-005
  15.4 5.7909871e-005-1.9568102e-016             -0              0     1.884e-005
  15.5 5.7909871e-005-1.9568102e-016             -0              0     1.884e-005
  15.5 5.7909871e-005-1.9568102e-016              0             -0     1.884e-005
  15.6 5.7909871e-005-1.9568102e-016              0             -0     1.884e-005
  15.6 5.7909871e-005-1.9568102e-016              0             -0     1.884e-005
  15.7 5.7909871e-005-1.9568102e-016              0             -0     1.884e-005
  15.7 5.7909871e-005-1.9568102e-016              0             -0     1.884e-005
  15.8 5.7909871e-005-1.9568102e-016              0             -0     1.884e-005
  15.8 5.7909871e-005-1.9568102e-016              0              0     1.884e-005
  15.9 5.7909871e-005-1.9568102e-016              0              0     1.884e-005
  15.9 5.7909871e-005-1.9568102e-016              0              0     1.884e-005
    16 5.7909871e-005-1.9568102e-016              0              0     1.884e-005
    16 5.7909871e-005-1.9568102e-016              0              0     1.884e-005
  16.1 5.7909871e-005-1.9568102e-016              0              0     1.884e-005
  16.1 5.7909871e-005-1.9568102e-016              0              0     1.884e-005
  16.2 5.7909871e-005-1.9568102e-016              0              0     1.884e-005
  16.2 5.7909871e-005-1.9568102e-016              0              0     1.884e-005
  16.3 5.7909871e-005-1.9568102e-016             -0              0     1.884e-005
  16.3 5.7909871e-005-1.9568102e-016             -0              0     1.884e-005
  16.4 5.7909871e-005-1.9568102e-016             -0              0     1.884e-005
  16.4 5.7909871e-005-1.9568102e-016             -0              0     1.884e-005
  16.5 5.7909871e-005-1.9568102e-016             -0              0     1.884e-005
  16.5 5.7909871e-005-1.9568102e-016             -0              0     1.884e-005
  16.6 5.7909871e-005-1.9568102e-016              0             -0     1.884e-005
  16.6 5.7909871e-005-1.9568102e-016              0             -0     1.884e-005
  16.7 5.7909871e-005-1.9568102e-016              0             -0     1.884e-005
  16.7 5.7909871e-005-1.9568102e-016              0             -0     1.884e-005
  16.8 5.7909871e-005-1.9568102e-016              0             -0     1.884e-005
  16.8 5.7909871e-005-1.9568102e-016              0              0     1.884e-005
  16.9 5.7909871e-005-1.9568102e-016              0              0     1.884e-005
  16.9 5.7909871e-005-1.9568102e-016              0              0     1.884e-005
    17 5.7909871e-005-1.9568102e-016              0              0     1.884e-005
    17 5.7909871e-005-1.9568102e-016              0              0     1.884e-005
  17.1 5.7909871e-005-1.9568102e-016              0              0     1.884e-005
  17.1 5.7909871e-005-1.9568102e-016              0              0     1.884e-005
  17.2 5.7909871e-005-1.9568102e-016              0              0     1.884e-005
  17.2 5.7909871e-005-1.9568102e-016              0              0     1.884e-005
  17.3 5.7909871e-005-1.9568102e-016              0              0     1.884e-005
  17.3 5.7909871e-005-1.9568102e-016             -0              0     1.884e-005
  17.4 5.7909871e-005-1.9568102e-016             -0              0     1.884e-005
  17.4 5.7909871e-005-1.9568102e-016             -0              0     1.884e-005
  17.5 5.7909871e-005-1.9568102e-016             -0              0     1.884e-005
  17.5 5.7909871e-005-1.9568102e-016             -0              0     1.884e-005
  17.6 5.7909871e-005-1.9568102e-016             -0             -0     1.884e-005
  17.6 5.7909871e-005-1.9568102e-016              0             -0     1.884e-005
  17.7 5.7909871e-005-1.9568102e-016              0             -0     1.884e-005
  17.7 5.7909871e-005-1.9568102e-016              0             -0     1.884e-005
  17.8 5.7909871e-005-1.9568102e-016              0             -0     1.884e-005
  17.8 5.7909871e-005-1.9568102e-016              0             -0     1.884e-005
  17.9 5.7909871e-005-1.9568102e-016              0              0     1.884e-005
  17.9 5.7909871e-005-1.9568102e-016              0              0     1.884e-005
    18 5.7909871e-005-1.9568102e-016              0              0     1.884e-005
    18 5.7909871e-005-1.9568102e-016              0              0     1.884e-005
  18.1 5.7909871e-005-1.9568102e-016              0              0     1.884e-005
  18.1 5.7909871e-005-1.9568102e-016              0              0     1.884e-005
  18.2 5.7909871e-005-1.9568102e-016              0              0     1.884e-005
  18.2 5.7909871e-005-1.9568102e-016              0              0     1.884e-005
  18.3 5.7909871e-005-1.9568102e-016              0              0     1.884e-005
  18.3 5.7909871e-005-1.9568102e-016              0              0     1.884e-005
  18.4 5.7909871e-005-1.9568102e-016             -0              0     1.884e-005
  18.4 5.7909871e-005-1.9568102e-016             -0              0     1.884e-005
  18.5 5.7909871e-005-1.9568102e-016             -0              0     1.884e-005
  18.5 5.7909871e-005-1.9568102e-016             -0              0     1.884e-005
  18.6 5.7909871e-005-1.9568102e-016             -0              0     1.884e-005
  18.6 5.7909871e-005-1.9568102e-016              0             -0     1.884e-005
  18.7 5.7909871e-005-1.9568102e-016              0             -0     1.884e-005
  18.7 5.7909871e-005-1.9568102e-016              0             -0     1.884e-005
  18.8 5.7909871e-005-1.9568102e-016              0             -0     1.884e-005
  18.8 5.7909871e-005-1.9568102e-016              0             -0     1.884e-005
  18.9 5.7909871e-005-1.9568102e-016              0              0     1.884e-005
  18.9 5.7909871e-005-1.9568102e-016              0              0     1.884e-005
    19 5.7909871e-005-1.9568102e-016              0              0     1.884e-005
    19 5.7909871e-005-1.9568102e-016              0              0     1.884e-005
  19.1 5.7909871e-005-1.9568102e-016              0              0     1.884e-005
  19.1 5.7909871e-005-1.9568102e-016              0              0     1.884e-005
  19.2 5.7909871e-005-1.9568102e-016              0              0     1.884e-005
  19.2 5.7909871e-005-1.9568102e-016              0              0     1.884e-005
  19.3 5.7909871e-005-1.9568102e-016              0              0     1.884e-005
  19.3 5.7909871e-005-1.9568102e-016              0              0     1.884e-005
  19.4 5.7909871e-005-1.9568102e-016             -0              0     1.884e-005
  19.4 5.7909871e-005-1.9568102e-016             -0              0     1.884e-005
  19.5 5.7909871e-005-1.9568102e-016             -0              0     1.884e-005
  19.5 5.7909871e-005-1.9568102e-016             -0              0     1.884e-005
  19.6 5.7909871e-005-1.9568102e-016             -0              0     1.884e-005
  19.6 5.7909871e-005-1.9568102e-016             -0             -0     1.884e-005
  19.7 5.7909871e-005-1.9568102e-016              0             -0     1.884e-005
  19.7 5.7909871e-005-1.9568102e-016              0             -0     1.884e-005
  19.8 5.7909871e-005-1.9568102e-016              0             -0     1.884e-005
  19.8 5.7909871e-005-1.9568102e-016              0             -0     1.884e-005
  19.9 5.7909871e-005-1.9568102e-016              0             -0     1.884e-005
  19.9 5.7909871e-005-1.9568102e-016              0              0     1.884e-005
    20 5.7909871e-005-1.9568102e-016              0              0     1.884e-005
    20 5.7909871e-005-1.9568102e-016              0              0     1.884e-005
  20.1 5.7909871e-005-1.9568102e-016              0              0     1.884e-005
  20.1 5.7909871e-005-1.9568102e-016              0              0     1.884e-005
  20.2 5.7909871e-005-1.9568102e-016              0              0     1.884e-005
  20.2 5.7909871e-005-1.9568102e-016              0              0     1.884e-005
  20.3 5.7909871e-005-1.9568102e-016              0              0     1.884e-005
  20.3 5.7909871e-005-1.9568102e-016              0              0     1.884e-005
  20.4 5.7909871e-005-1.9568102e-016              0              0     1.884e-005
  20.4 5.7909871e-005-1.9568102e-016             -0              0     1.884e-005
  20.5 5.7909871e-005-1.9568102e-016             -0              0     1.884e-005
  20.5 5.7909871e-005-1.9568102e-016             -0              0     1.884e-005
  20.6 5.7909871e-005-1.9568102e-016             -0              0     1.884e-005
  20.6 5.7909871e-005-1.9568102e-016             -0              0     1.884e-005
  20.7 5.7909871e-005-1.9568102e-016              0             -0     1.884e-005
  20.7 5.7909871e-005-1.9568102e-016              0             -0     1.884e-005
  20.8 5.7909871e-005-1.9568102e-016              0             -0     1.884e-005
  20.8 5.7909871e-005-1.9568102e-016              0             -0     1.884e-005
  20.9 5.7909871e-005-1.9568102e-016              0             -0     1.884e-005
  20.9 5.7909871e-005-1.9568102e-016              0             -0     1.884e-005
    21 5.7909871e-005-1.9568102e-016              0              0     1.884e-005
    21 5.7909871e-005-1.9568102e-016              0              0     1.884e-005
  21.1 5.7909871e-005-1.9568102e-016              0              0     1.884e-005
  21.1 5.7909871e-005-1.9568102e-016              0              0     1.884e-005
  21.2 5.7909871e-005-1.9568102e-016              0              0     1.884e-005
  21.2 5.7909871e-005-1.9568102e-016              0              0     1.884e-005
  21.3 5.7909871e-005-1.9568102e-016              0              0     1.884e-005
  21.3 5.7909871e-005-1.9568102e-016              0              0     1.884e-005
  21.4 5.7909871e-005-1.9568102e-016              0              0     1.884e-005
  21.4 5.7909871e-005-1.9568102e-016             -0              0     1.884e-005
  21.5 5.7909871e-005-1.9568102e-016             -0              0     1.884e-005
  21.5 5.7909871e-005-1.9568102e-016             -0              0     1.884e-005
  21.6 5.7909871e-005-1.9568102e-016             -0              0     1.884e-005
  21.6 5.7909871e-005-1.9568102e-016             -0              0     1.884e-005
  21.7 5.7909871e-005-1.9568102e-016             -0              0     1.884e-005
  21.7 5.7909871e-005-1.9568102e-016              0             -0     1.884e-005
  21.8 5.7909871e-005-1.9568102e-016              0             -0     1.884e-005
  21.8 5.7909871e-005-1.9568102e-016              0             -0     1.884e-005
  21.9 5.7909871e-005-1.9568102e-016              0             -0     1.884e-005
  21.9 5.7909871e-005-1.9568102e-016              0             -0     1.884e-005
    22 5.7909871e-005-1.9568102e-016              0              0     1.884e-005
    22 5.7909871e-005-1.9568102e-016              0              0     1.884e-005
  22.1 5.7909871e-005-1.9568102e-016              0              0     1.884e-005
  22.1 5.7909871e-005-1.9568102e-016              0              0     1.884e-005
  22.2 5.7909871e-005-1.9568102e-016              0              0     1.884e-005
  22.2 5.7909871e-005-1.9568102e-016              0              0     1.884e-005
  22.3 5.7909871e-005-1.9568102e-016              0              0     1.884e-005
  22.3 5.7909871e-005-1.9568102e-016              0              0     1.884e-005
  22.4 5.7909871e-005-1.9568102e-016              0              0     1.884e-005
  22.4 5.7909871e-005-1.9568102e-016              0              0     1.884e-005
  22.5 5.7909871e-005-1.9568102e-016             -0              0     1.884e-005
  22.5 5.7909871e-005-1.9568102e-016             -0              0     1.884e-005
  22.6 5.7909871e-005-1.9568102e-016             -0              0     1.884e-005
  22.6 5.7909871e-005-1.9568102e-016             -0              0     1.884e-005
  22.7 5.7909871e-005-1.9568102e-016             -0              0     1.884e-005
  22.7 5.7909871e-005-1.9568102e-016             -0             -0     1.884e-005
  22.8 5.7909871e-005-1.9568102e-016              0             -0     1.884e-005
  22.8 5.7909871e-005-1.9568102e-016              0             -0     1.884e-005
  22.9 5.7909871e-005-1.9568102e-016              0             -0     1.884e-005
  22.9 5.7909871e-005-1.9568102e-016              0             -0     1.884e-005
    23 5.7909871e-005-1.9568102e-016              0             -0     1.884e-005
    23 5.7909871e-005-1.9568102e-016              0              0     1.884e-005
  23.1 5.7909871e-005-1.9568102e-016              0              0     1.884e-005
  23.1 5.7909871e-005-1.9568102e-016              0              0     1.884e-005
  23.2 5.7909871e-005-1.9568102e-016              0              0     1.884e-005
  23.2 5.7909871e-005-1.9568102e-016              0              0     1.884e-005
  23.3 5.7909871e-005-1.9568102e-016              0              0     1.884e-005
  23.3 5.7909871e-005-1.9568102e-016              0              0     1.884e-005
  23.4 5.7909871e-005-1.9568102e-016              0              0     1.884e-005
  23.4 5.7909871e-005-1.9568102e-016              0              0     1.884e-005
  23.5 5.7909871e-005-1.9568102e-016              0              0     1.884e-005
  23.5 5.7909871e-005-1.9568102e-016             -0              0     1.884e-005
  23.6 5.7909871e-005-1.9568102e-016             -0              0     1.884e-005
  23.6 5.7909871e-005-1.9568102e-016             -0              0     1.884e-005
  23.7 5.7909871e-005-1.9568102e-016             -0              0     1.884e-005
  23.7 5.7909871e-005-1.9568102e-016             -0              0     1.884e-005
  23.8 5.7909871e-005-1.9568102e-016              0             -0     1.884e-005
  23.8 5.7909871e-005-1.9568102e-016              0             -0     1.884e-005
  23.9 5.7909871e-005-1.9568102e-016              0             -0     1.884e-005
  23.9 5.7909871e-005-1.9568102e-016              0             -0     1.884e-005
    24 5.7909871e-005-1.9568102e-016              0             -0     1.884e-005
    24 5.7909871e-005-1.9568102e-016              0              0     1.884e-005
  24.1 5.7909871e-005-1.9568102e-016              0              0     1.884e-005
  24.1 5.7909871e-005-1.9568102e-016              0              0     1.884e-005
  24.2 5.7909871e-005-1.9568102e-016              0              0     1.884e-005
  24.2 5.7909871e-005-1.9568102e-016              0              0     1.884e-005
  24.3 5.7909871e-005-1.9568102e-016              0              0     1.884e-005
  24.3 5.7909871e-005-1.9568102e-016              0              0     1.884e-005
  24.4 5.7909871e-005-1.9568102e-016              0              0     1.884e-005
  24.4 5.7909871e-005-1.9568102e-016              0              0     1.884e-005
  24.5 5.7909871e-005-1.9568102e-016              0              0     1.884e-005
  24.5 5.7909871e-005-1.9568102e-016             -0              0     1.884e-005
  24.6 5.7909871e-005-1.9568102e-016             -0              0     1.884e-005
  24.6 5.7909871e-005-1.9568102e-016             -0              0     1.884e-005
  24.7 5.7909871e-005-1.9568102e-016             -0              0     1.884e-005
  24.7 5.7909871e-005-1.9568102e-016             -0              0     1.884e-005
  24.8 5.7909871e-005-1.9568102e-016             -0             -0     1.884e-005
  24.8 5.7909871e-005-1.9568102e-016              0             -0     1.884e-005
  24.9 5.7909871e-005-1.9568102e-016              0             -0     1.884e-005
  24.9 5.7909871e-005-1.9568102e-016              0             -0     1.884e-005
    25 5.7909871e-005-1.9568102e-016              0             -0     1.884e-005
    25 5.7909871e-005-1.9568102e-016              0             -0     1.884e-005
  25.1 5.7909871e-005-1.9568102e-016              0              0     1.884e-005
  25.1 5.7909871e-005-1.9568102e-016              0              0     1.884e-005
  25.2 5.7909871e-005-1.9568102e-016              0              0     1.884e-005
  25.2 5.7909871e-005-1.9568102e-016              0              0     1.884e-005
  25.3 5.7909871e-005-1.9568102e-016              0              0     1.884e-005
  25.3 5.7909871e-005-1.9568102e-016              0              0     1.884e-005
  25.4 5.7909871e-005-1.9568102e-016              0              0     1.884e-005
  25.4 5.7909871e-005-1.9568102e-016              0              0     1.884e-005
  25.5 5.7909871e-005-1.9568102e-016              0              0     1.884e-005
  25.5 5.7909871e-005-1.9568102e-016              0              0     1.884e-005
  25.6 5.7909871e-005-1.9568102e-016             -0              0     1.884e-005
  25.6 5.7909871e-005-1.9568102e-016             -0              0     1.884e-005
  25.7 5.7909871e-005-1.9568102e-016             -0              0     1.884e-005
  25.7 5.7909871e-005-1.9568102e-016             -0              0     1.884e-005
  25.8 5.7909871e-005-1.9568102e-016             -0              0     1.884e-005
  25.8 5.7909871e-005-1.9568102e-016              0             -0     1.884e-005
  25.9 5.7909871e-005-1.9568102e-016              0             -0     1.884e-005
  25.9 5.7909871e-005-1.9568102e-016              0             -0     1.884e-005
    26 5.7909871e-005-1.9568102e-016              0             -0     1.884e-005
    26 5.7909871e-005-1.9568102e-016              0             -0     1.884e-005
  26.1 5.7909871e-005-1.9568102e-016              0             -0     1.884e-005
  26.1 5.7909871e-005-1.9568102e-016              0              0     1.884e-005
  26.2 5.7909871e-005-1.9568102e-016              0              0     1.884e-005
  26.2 5.7909871e-005-1.9568102e-016              0              0     1.884e-005
  26.3 5.7909871e-005-1.9568102e-016              0              0     1.884e-005
  26.3 5.7909871e-005-1.9568102e-016              0              0     1.884e-005
  26.4 5.7909871e-005-1.9568102e-016              0              0     1.884e-005
  26.4 5.7909871e-005-1.9568102e-016              0              0     1.884e-005
  26.5 5.7909871e-005-1.9568102e-016              0              0     1.884e-005
  26.5 5.7909871e-005-1.9568102e-016              0              0     1.884e-005
  26.6 5.7909871e-005-1.9568102e-016             -0              0     1.884e-005
  26.6 5.7909871e-005-1.9568102e-016             -0              0     1.884e-005
  26.7 5.7909871e-005-1.9568102e-016             -0              0     1.884e-005
  26.7 5.7909871e-005-1.9568102e-016             -0              0     1.884e-005
  26.8 5.7909871e-005-1.9568102e-016             -0              0     1.884e-005
  26.8 5.7909871e-005-1.9568102e-016             -0              0     1.884e-005
  26.9 5.7909871e-005-1.9568102e-016              0             -0     1.884e-005
  26.9 5.7909871e-005-1.9568102e-016              0             -0     1.884e-005
    27 5.7909871e-005-1.9568102e-016              0             -0     1.884e-005
    27 5.7909871e-005-1.9568102e-016              0             -0     1.884e-005
  27.1 5.7909871e-005-1.9568102e-016              0             -0     1.884e-005
  27.1 5.7909871e-005-1.9568102e-016              0              0     1.884e-005
  27.2 5.7909871e-005-1.9568102e-016              0              0     1.884e-005
  27.2 5.7909871e-005-1.9568102e-016              0              0     1.884e-005
  27.3 5.7909871e-005-1.9568102e-016              0              0     1.884e-005
  27.3 5.7909871e-005-1.9568102e-016              0              0     1.884e-005
  27.4 5.7909871e-005-1.9568102e-016              0              0     1.884e-005
  27.4 5.7909871e-005-1.9568102e-016              0              0     1.884e-005
  27.5 5.7909871e-005-1.9568102e-016              0              0     1.884e-005
  27.5 5.7909871e-005-1.9568102e-016              0              0     1.884e-005
  27.6 5.7909871e-005-1.9568102e-016              0              0     1.884e-005
  27.6 5.7909871e-005-1.9568102e-016             -0              0     1.884e-005
  27.7 5.7909871e-005-1.9568102e-016             -0              0     1.884e-005
  27.7 5.7909871e-005-1.9568102e-016             -0              0     1.884e-005
  27.8 5.7909871e-005-1.9568102e-016             -0              0     1.884e-005
  27.8 5.7909871e-005-1.9568102e-016             -0              0     1.884e-005
  27.9 5.7909871e-005-1.9568102e-016             -0             -0     1.884e-005
  27.9 5.7909871e-005-1.9568102e-016              0             -0     1.884e-005
    28 5.7909871e-005-1.9568102e-016              0             -0     1.884e-005
    28 5.7909871e-005-1.9568102e-016              0             -0     1.884e-005
  28.1 5.7909871e-005-1.9568102e-016              0             -0     1.884e-005
  28.1 5.7909871e-005-1.9568102e-016              0             -0     1.884e-005
  28.2 5.7909871e-005-1.9568102e-016              0              0     1.884e-005
  28.2 5.7909871e-005-1.9568102e-016              0              0     1.884e-005
  28.3 5.7909871e-005-1.9568102e-016              0              0     1.884e-005
  28.3 5.7909871e-005-1.9568102e-016              0              0     1.884e-005
  28.4 5.7909871e-005-1.9568102e-016              0              0     1.884e-005
  28.4 5.7909871e-005-1.9568102e-016              0              0     1.884e-005
  28.5 5.7909871e-005-1.9568102e-016              0              0     1.884e-005
  28.5 5.7909871e-005-1.9568102e-016              0              0     1.884e-005
  28.6 5.7909871e-005-1.9568102e-016              0              0     1.884e-005
  28.6 5.7909871e-005-1.9568102e-016              0              0     1.884e-005
  28.7 5.7909871e-005-1.9568102e-016             -0              0     1.884e-005
  28.7 5.7909871e-005-1.9568102e-016             -0              0     1.884e-005
  28.8 5.7909871e-005-1.9568102e-016             -0              0     1.884e-005
  28.8 5.7909871e-005-1.9568102e-016             -0              0     1.884e-005
  28.9 5.7909871e-005-1.9568102e-016             -0              0     1.884e-005
  28.9 5.7909871e-005-1.9568102e-016              0             -0     1.884e-005
    29 5.7909871e-005-1.9568102e-016              0             -0     1.884e-005
    29 5.7909871e-005-1.9568102e-016              0             -0     1.884e-005
  29.1 5.7909871e-005-1.9568102e-016              0             -0     1.884e-005
  29.1 5.7909871e-005-1.9568102e-016              0             -0     1.884e-005
  29.2 5.7909871e-005-1.9568102e-016              0              0     1.884e-005
  29.2 5.7909871e-005-1.9568102e-016              0              0     1.884e-005
  29.3 5.7909871e-005-1.9568102e-016              0              0     1.884e-005
  29.3 5.7909871e-005-1.9568102e-016              0              0     1.884e-005
  29.4 5.7909871e-005-1.9568102e-016              0              0     1.884e-005
  29.4 5.7909871e-005-1.9568102e-016              0              0     1.884e-005
  29.5 5.7909871e-005-1.9568102e-016              0              0     1.884e-005
  29.5 5.7909871e-005-1.9568102e-016              0              0     1.884e-005
  29.6 5.7909871e-005-1.9568102e-016              0              0     1.884e-005
  29.6 5.7909871e-005-1.9568102e-016              0              0     1.884e-005
  29.7 5.7909871e-005-1.9568102e-016             -0              0     1.884e-005
  29.7 5.7909871e-005-1.9568102e-016             -0              0     1.884e-005
  29.8 5.7909871e-005-1.9568102e-016             -0              0     1.884e-005
  29.8 5.7909871e-005-1.9568102e-016             -0              0     1.884e-005
  29.9 5.7909871e-005-1.9568102e-016             -0              0     1.884e-005
  29.9 5.7909871e-005-1.9568102e-016             -0             -0     1.884e-005
    30 5.7909871e-005-1.9568102e-016              0             -0     1.884e-005
    30 5.7909871e-005-1.9568102e-016              0             -0     1.884e-005
  30.1 5.7909871e-005-1.9568102e-016              0             -0     1.884e-005
  30.1 5.7909871e-005-1.9568102e-016              0             -0     1.884e-005
  30.2 5.7909871e-005-1.9568102e-016              0             -0     1.884e-005
  30.2 5.7909871e-005-1.9568102e-016              0              0     1.884e-005
  30.3 5.7909871e-005-1.9568102e-016              0              0     1.884e-005
  30.3 5.7909871e-005-1.9568102e-016              0              0     1.884e-005
  30.4 5.7909871e-005-1.9568102e-016              0              0     1.884e-005
  30.4 5.7909871e-005-1.9568102e-016              0              0     1.884e-005
  30.5 5.7909871e-005-1.9568102e-016              0              0     1.884e-005
  30.5 5.7909871e-005-1.9568102e-016              0              0     1.884e-005
  30.6 5.7909871e-005-1.9568102e-016              0              0     1.884e-005
  30.6 5.7909871e-005-1.9568102e-016              0              0     1.884e-005
  30.7 5.7909871e-005-1.9568102e-016              0              0     1.884e-005
  30.7 5.7909871e-005-1.9568102e-016             -0              0     1.884e-005
  30.8 5.7909871e-005-1.9568102e-016             -0              0     1.884e-005
  30.8 5.7909871e-005-1.9568102e-016             -0              0     1.884e-005
  30.9 5.7909871e-005-1.9568102e-016             -0              0     1.884e-005
  30.9 5.7909871e-005-1.9568102e-016             -0              0     1.884e-005
    31 5.7909871e-005-1.9568102e-016              0             -0     1.884e-005
    31 5.7909871e-005-1.9568102e-016              0             -0     1.884e-005
  31.1 5.7909871e-005-1.9568102e-016              0             -0     1.884e-005
  31.1 5.7909871e-005-1.9568102e-016              0             -0     1.884e-005
  31.2 5.7909871e-005-1.9568102e-016              0             -0     1.884e-005
  31.2 5.7909871e-005-1.9568102e-016              0             -0     1.884e-005
  31.3 5.7909871e-005-1.9568102e-016              0              0     1.884e-005
  31.3 5.7909871e-005-1.9568102e-016              0              0     1.884e-005
  31.4 5.7909871e-005-1.9568102e-016              0              0     1.884e-005
  31.4 5.7909871e-005-1.9568102e-016              0              0     1.884e-005
  31.5 5.7909871e-005-1.9568102e-016              0              0     1.884e-005
  31.5 5.7909871e-005-1.9568102e-016              0              0     1.884e-005
  31.6 5.7909871e-005-1.9568102e-016              0              0     1.884e-005
  31.6 5.7909871e-005-1.9568102e-016              0              0     1.884e-005
  31.7 5.7909871e-005-1.9568102e-016              0              0     1.884e-005
  31.7 5.7909871e-005-1.9568102e-016             -0              0     1.884e-005
  31.8 5.7909871e-005-1.9568102e-016             -0              0     1.884e-005
  31.8 5.7909871e-005-1.9568102e-016             -0              0     1.884e-005
  31.9 5.7909871e-005-1.9568102e-016             -0              0     1.884e-005
  31.9 5.7909871e-005-1.9568102e-016             -0              0     1.884e-005
    32 5.7909871e-005-1.9568102e-016             -0              0     1.884e-005
    32 5.7909871e-005-1.9568102e-016              0             -0     1.884e-005
  32.1 5.7909871e-005-1.9568102e-016              0             -0     1.884e-005
  32.1 5.7909871e-005-1.9568102e-016              0             -0     1.884e-005
  32.2 5.7909871e-005-1.9568102e-016              0             -0     1.884e-005
  32.2 5.7909871e-005-1.9568102e-016              0             -0     1.884e-005
  32.3 5.7909871e-005-1.9568102e-016              0              0     1.884e-005
  32.3 5.7909871e-005-1.9568102e-016              0              0     1.884e-005
  32.4 5.7909871e-005-1.9568102e-016              0              0     1.884e-005
  32.4 5.7909871e-005-1.9568102e-016              0              0     1.884e-005
  32.5 5.7909871e-005-1.9568102e-016              0              0     1.884e-005
  32.5 5.7909871e-005-1.9568102e-016              0              0     1.884e-005
  32.6 5.7909871e-005-1.9568102e-016              0              0     1.884e-005
  32.6 5.7909871e-005-1.9568102e-016              0              0     1.884e-005
  32.7 5.7909871e-005-1.9568102e-016              0              0     1.884e-005
  32.7 5.7909871e-005-1.9568102e-016              0              0     1.884e-005
  32.8 5.7909871e-005-1.9568102e-016             -0              0     1.884e-005
  32.8 5.7909871e-005-1.9568102e-016             -0              0     1.884e-005
  32.9 5.7909871e-005-1.9568102e-016             -0              0     1.884e-005
  32.9 5.7909871e-005-1.9568102e-016             -0              0     1.884e-005
    33 5.7909871e-005-1.9568102e-016             -0              0     1.884e-005
    33 5.7909871e-005-1.9568102e-016             -0             -0     1.884e-005
  33.1 5.7909871e-005-1.9568102e-016              0             -0     1.884e-005
  33.1 5.7909871e-005-1.9568102e-016              0             -0     1.884e-005
  33.2 5.7909871e-005-1.9568102e-016              0             -0     1.884e-005
  33.2 5.7909871e-005-1.9568102e-016              0             -0     1.884e-005
  33.3 5.7909871e-005-1.9568102e-016              0             -0     1.884e-005
  33.3 5.7909871e-005-1.9568102e-016              0              0     1.884e-005
  33.4 5.7909871e-005-1.9568102e-016              0              0     1.884e-005
  33.4 5.7909871e-005-1.9568102e-016              0              0     1.884e-005
  33.5 5.7909871e-005-1.9568102e-016              0              0     1.884e-005
  33.5 5.7909871e-005-1.9568102e-016              0              0     1.884e-005
  33.6 5.7909871e-005-1.9568102e-016              0              0     1.884e-005
  33.6 5.7909871e-005-1.9568102e-016              0              0     1.884e-005
  33.7 5.7909871e-005-1.9568102e-016              0              0     1.884e-005
  33.7 5.7909871e-005-1.9568102e-016              0              0     1.884e-005
  33.8 5.7909871e-005-1.9568102e-016              0              0     1.884e-005
  33.8 5.7909871e-005-1.9568102e-016             -0              0     1.884e-005
  33.9 5.7909871e-005-1.9568102e-016             -0              0     1.884e-005
  33.9 5.7909871e-005-1.9568102e-016             -0              0     1.884e-005
    34 5.7909871e-005-1.9568102e-016             -0              0     1.884e-005
    34 5.7909871e-005-1.9568102e-016             -0              0     1.884e-005
  34.1 5.7909871e-005-1.9568102e-016              0             -0     1.884e-005
  34.1 5.7909871e-005-1.9568102e-016              0             -0     1.884e-005
  34.2 5.7909871e-005-1.9568102e-016              0             -0     1.884e-005
  34.2 5.7909871e-005-1.9568102e-016              0             -0     1.884e-005
  34.3 5.7909871e-005-1.9568102e-016              0             -0     1.884e-005
  34.3 5.7909871e-005-1.9568102e-016              0              0     1.884e-005
  34.4 5.7909871e-005-1.9568102e-016              0              0     1.884e-005
  34.4 5.7909871e-005-1.9568102e-016              0              0     1.884e-005
  34.5 5.7909871e-005-1.9568102e-016              0              0     1.884e-005
  34.5 5.7909871e-005-1.9568102e-016              0              0     1.884e-005
  34.6 5.7909871e-005-1.9568102e-016              0              0     1.884e-005
  34.6 5.7909871e-005-1.9568102e-016              0              0     1.884e-005
  34.7 5.7909871e-005-1.9568102e-016              0              0     1.884e-005
  34.7 5.7909871e-005-1.9568102e-016              0              0     1.884e-005
  34.8 5.7909871e-005-1.9568102e-016              0              0     1.884e-005
  34.8 5.7909871e-005-1.9568102e-016             -0              0     1.884e-005
  34.9 5.7909871e-005-1.9568102e-016             -0              0     1.884e-005
  34.9 5.7909871e-005-1.9568102e-016             -0              0     1.884e-005
    35 5.7909871e-005-1.9568102e-016             -0              0     1.884e-005
    35 5.7909871e-005-1.9568102e-016             -0              0     1.884e-005
  35.1 5.7909871e-005-1.9568102e-016             -0             -0     1.884e-005
  35.1 5.7909871e-005-1.9568102e-016              0             -0     1.884e-005
  35.2 5.7909871e-005-1.9568102e-016              0             -0     1.884e-005
  35.2 5.7909871e-005-1.9568102e-016              0             -0     1.884e-005
  35.3 5.7909871e-005-1.9568102e-016              0             -0     1.884e-005
  35.3 5.7909871e-005-1.9568102e-016              0             -0     1.884e-005
  35.4 5.7909871e-005-1.9568102e-016              0              0     1.884e-005
  35.4 5.7909871e-005-1.9568102e-016              0              0     1.884e-005
  35.5 5.7909871e-005-1.9568102e-016              0              0     1.884e-005
  35.5 5.7909871e-005-1.9568102e-016              0              0     1.884e-005
  35.6 5.7909871e-005-1.9568102e-016              0              0     1.884e-005
  35.6 5.7909871e-005-1.9568102e-016              0              0     1.884e-005
  35.7 5.7909871e-005-1.9568102e-016              0              0     1.884e-005
  35.7 5.7909871e-005-1.9568102e-016              0              0     1.884e-005
  35.8 5.7909871e-005-1.9568102e-016              0              0     1.884e-005
  35.8 5.7909871e-005-1.9568102e-016              0              0     1.884e-005
  35.9 5.7909871e-005-1.9568102e-016             -0              0     1.884e-005
  35.9 5.7909871e-005-1.9568102e-016             -0              0     1.884e-005
    36 5.7909871e-005-1.9568102e-016             -0              0     1.884e-005
    36 5.7909871e-005-1.9568102e-016             -0              0     1.884e-005
  36.1 5.7909871e-005-1.9568102e-016             -0              0     1.884e-005
  36.1 5.7909871e-005-1.9568102e-016             -0             -0     1.884e-005
  36.2 5.7909871e-005-1.9568102e-016              0             -0     1.884e-005
  36.2 5.7909871e-005-1.9568102e-016              0             -0     1.884e-005
  36.3 5.7909871e-005-1.9568102e-016              0             -0     1.884e-005
  36.3 5.7909871e-005-1.9568102e-016              0             -0     1.884e-005
  36.4 5.7909871e-005-1.9568102e-016              0             -0     1.884e-005
  36.4 5.7909871e-005-1.9568102e-016              0              0     1.884e-005
  36.5 5.7909871e-005-1.9568102e-016              0              0     1.884e-005
  36.5 5.7909871e-005-1.9568102e-016              0              0     1.884e-005
  36.6 5.7909871e-005-1.9568102e-016              0              0     1.884e-005
  36.6 5.7909871e-005-1.9568102e-016              0              0     1.884e-005
  36.7 5.7909871e-005-1.9568102e-016              0              0     1.884e-005
  36.7 5.7909871e-005-1.9568102e-016              0              0     1.884e-005
  36.8 5.7909871e-005-1.9568102e-016              0              0     1.884e-005
  36.8 5.7909871e-005-1.9568102e-016              0              0     1.884e-005
  36.9 5.7909871e-005-1.9568102e-016             -0              0     1.884e-005
  36.9 5.7909871e-005-1.9568102e-016             -0              0     1.884e-005
    37 5.7909871e-005-1.9568102e-016             -0              0     1.884e-005
    37 5.7909871e-005-1.9568102e-016             -0              0     1.884e-005
  37.1 5.7909871e-005-1.9568102e-016             -0              0     1.884e-005
  37.1 5.7909871e-005-1.9568102e-016             -0              0     1.884e-005
  37.2 5.7909871e-005-1.9568102e-016              0             -0     1.884e-005
  37.2 5.7909871e-005-1.9568102e-016              0             -0     1.884e-005
  37.3 5.7909871e-005-1.9568102e-016              0             -0     1.884e-005
  37.3 5.7909871e-005-1.9568102e-016              0             -0     1.884e-005
  37.4 5.7909871e-005-1.9568102e-016              0             -0     1.884e-005
  37.4 5.7909871e-005-1.9568102e-016              0              0     1.884e-005
  37.5 5.7909871e-005-1.9568102e-016              0              0     1.884e-005
  37.5 5.7909871e-005-1.9568102e-016              0              0     1.884e-005
  37.6 5.7909871e-005-1.9568102e-016              0              0     1.884e-005
  37.6 5.7909871e-005-1.9568102e-016              0              0     1.884e-005
  37.6 5.7909871e-005-1.9568102e-016              0              0     1.884e-005
  37.7 5.7909871e-005-1.9568102e-016              0              0     1.884e-005
  37.7 5.7909871e-005-1.9568102e-016              0              0     1.884e-005
  37.8 5.7909871e-005-1.9568102e-016              0              0     1.884e-005
  37.8 5.7909871e-005-1.9568102e-016              0              0     1.884e-005
  37.9 5.7909871e-005-1.9568102e-016             -0              0     1.884e-005
  37.9 5.7909871e-005-1.9568102e-016             -0              0     1.884e-005
    38 5.7909871e-005-1.9568102e-016             -0              0     1.884e-005
    38 5.7909871e-005-1.9568102e-016             -0              0     1.884e-005
  38.1 5.7909871e-005-1.9568102e-016             -0              0     1.884e-005
  38.1 5.7909871e-005-1.9568102e-016             -0             -0     1.884e-005
  38.2 5.7909871e-005-1.9568102e-016              0             -0     1.884e-005
  38.2 5.7909871e-005-1.9568102e-016              0             -0     1.884e-005
  38.3 5.7909871e-005-1.9568102e-016              0             -0     1.884e-005
  38.3 5.7909871e-005-1.9568102e-016              0             -0     1.884e-005
  38.4 5.7909871e-005-1.9568102e-016              0             -0     1.884e-005
  38.4 5.7909871e-005-1.9568102e-016              0              0     1.884e-005
  38.5 5.7909871e-005-1.9568102e-016              0              0     1.884e-005
  38.5 5.7909871e-005-1.9568102e-016              0              0     1.884e-005
  38.6 5.7909871e-005-1.9568102e-016              0              0     1.884e-005
  38.6 5.7909871e-005-1.9568102e-016              0              0     1.884e-005
  38.7 5.7909871e-005-1.9568102e-016              0              0     1.884e-005
  38.7 5.7909871e-005-1.9568102e-016              0              0     1.884e-005
  38.8 5.7909871e-005-1.9568102e-016              0              0     1.884e-005
  38.8 5.7909871e-005-1.9568102e-016              0              0     1.884e-005
  38.9 5.7909871e-005-1.9568102e-016              0              0     1.884e-005
  38.9 5.7909871e-005-1.9568102e-016             -0              0     1.884e-005
    39 5.7909871e-005-1.9568102e-016             -0              0     1.884e-005
    39 5.7909871e-005-1.9568102e-016             -0              0     1.884e-005
  39.1 5.7909871e-005-1.9568102e-016             -0              0     1.884e-005
  39.1 5.7909871e-005-1.9568102e-016             -0              0     1.884e-005
  39.2 5.7909871e-005-1.9568102e-016              0             -0     1.884e-005
  39.2 5.7909871e-005-1.9568102e-016              0             -0     1.884e-005
  39.3 5.7909871e-005-1.9568102e-016              0             -0     1.884e-005
  39.3 5.7909871e-005-1.9568102e-016              0             -0     1.884e-005
  39.4 5.7909871e-005-1.9568102e-016              0             -0     1.884e-005
  39.4 5.7909871e-005-1.9568102e-016              0              0     1.884e-005
  39.5 5.7909871e-005-1.9568102e-016              0              0     1.884e-005
  39.5 5.7909871e-005-1.9568102e-016              0              0     1.884e-005
  39.6 5.7909871e-005-1.9568102e-016              0              0     1.884e-005
  39.6 5.7909871e-005-1.9568102e-016              0              0     1.884e-005
  39.7 5.7909871e-005-1.9568102e-016              0              0     1.884e-005
  39.7 5.7909871e-005-1.9568102e-016              0              0     1.884e-005
  39.8 5.7909871e-005-1.9568102e-016              0              0     1.884e-005
  39.8 5.7909871e-005-1.9568102e-016              0              0     1.884e-005
  39.9 5.7909871e-005-1.9568102e-016              0              0     1.884e-005
  39.9 5.7909871e-005-1.9568102e-016             -0              0     1.884e-005
    40 5.7909871e-005-1.9568102e-016             -0              0     1.884e-005
    40 5.7909871e-005-1.9568102e-016             -0              0     1.884e-005
  40.1 5.7909871e-005-1.9568102e-016             -0              0     1.884e-005
  40.1 5.7909871e-005-1.9568102e-016             -0              0     1.884e-005
  40.2 5.7909871e-005-1.9568102e-016             -0             -0     1.884e-005
  40.2 5.7909871e-005-1.9568102e-016              0             -0     1.884e-005
  40.3 5.7909871e-005-1.9568102e-016              0             -0     1.884e-005
  40.3 5.7909871e-005-1.9568102e-016              0             -0     1.884e-005
  40.4 5.7909871e-005-1.9568102e-016              0             -0     1.884e-005
  40.4 5.7909871e-005-1.9568102e-016              0             -0     1.884e-005
  40.5 5.7909871e-005-1.9568102e-016              0              0     1.884e-005
  40.5 5.7909871e-005-1.9568102e-016              0              0     1.884e-005
  40.6 5.7909871e-005-1.9568102e-016              0              0     1.884e-005
  40.6 5.7909871e-005-1.9568102e-016              0              0     1.884e-005
  40.7 5.7909871e-005-1.9568102e-016              0              0     1.884e-005
  40.7 5.7909871e-005-1.9568102e-016              0              0     1.884e-005
  40.8 5.7909871e-005-1.9568102e-016              0              0     1.884e-005
  40.8 5.7909871e-005-1.9568102e-016              0              0     1.884e-005
  40.9 5.7909871e-005-1.9568102e-016              0              0     1.884e-005
  40.9 5.7909871e-005-1.9568102e-016              0              0     1.884e-005
    41 5.7909871e-005-1.9568102e-016             -0              0     1.884e-005
    41 5.7909871e-005-1.9568102e-016             -0              0     1.884e-005
  41.1 5.7909871e-005-1.9568102e-016             -0              0     1.884e-005
  41.1 5.7909871e-005-1.9568102e-016             -0              0     1.884e-005
  41.2 5.7909871e-005-1.9568102e-016             -0              0     1.884e-005
  41.2 5.7909871e-005-1.9568102e-016             -0             -0     1.884e-005
  41.3 5.7909871e-005-1.9568102e-016              0             -0     1.884e-005
  41.3 5.7909871e-005-1.9568102e-016              0             -0     1.884e-005
  41.4 5.7909871e-005-1.9568102e-016              0             -0     1.884e-005
  41.4 5.7909871e-005-1.9568102e-016              0             -0     1.884e-005
  41.5 5.7909871e-005-1.9568102e-016              0             -0     1.884e-005
  41.5 5.7909871e-005-1.9568102e-016              0              0     1.884e-005
  41.6 5.7909871e-005-1.9568102e-016              0              0     1.884e-005
  41.6 5.7909871e-005-1.9568102e-016              0              0     1.884e-005
  41.7 5.7909871e-005-1.9568102e-016              0              0     1.884e-005
  41.7 5.7909871e-005-1.9568102e-016              0              0     1.884e-005
  41.8 5.7909871e-005-1.9568102e-016              0              0     1.884e-005
  41.8 5.7909871e-005-1.9568102e-016              0              0     1.884e-005
  41.9 5.7909871e-005-1.9568102e-016              0              0     1.884e-005
  41.9 5.7909871e-005-1.9568102e-016              0              0     1.884e-005
    42 5.7909871e-005-1.9568102e-016             -0              0     1.884e-005
    42 5.7909871e-005-1.9568102e-016             -0              0     1.884e-005
  42.1 5.7909871e-005-1.9568102e-016             -0              0     1.884e-005
  42.1 5.7909871e-005-1.9568102e-016             -0              0     1.884e-005
  42.2 5.7909871e-005-1.9568102e-016             -0              0     1.884e-005
  42.2 5.7909871e-005-1.9568102e-016             -0              0     1.884e-005
  42.3 5.7909871e-005-1.9568102e-016              0             -0     1.884e-005
  42.3 5.7909871e-005-1.9568102e-016              0             -0     1.884e-005
  42.4 5.7909871e-005-1.9568102e-016              0             -0     1.884e-005
  42.4 5.7909871e-005-1.9568102e-016              0             -0     1.884e-005
  42.5 5.7909871e-005-1.9568102e-016              0             -0     1.884e-005
  42.5 5.7909871e-005-1.9568102e-016              0              0     1.884e-005
  42.6 5.7909871e-005-1.9568102e-016              0              0     1.884e-005
  42.6 5.7909871e-005-1.9568102e-016              0              0     1.884e-005
  42.7 5.7909871e-005-1.9568102e-016              0              0     1.884e-005
  42.7 5.7909871e-005-1.9568102e-016              0              0     1.884e-005
  42.8 5.7909871e-005-1.9568102e-016              0              0     1.884e-005
  42.8 5.7909871e-005-1.9568102e-016              0              0     1.884e-005
  42.9 5.7909871e-005-1.9568102e-016              0              0     1.884e-005
  42.9 5.7909871e-005-1.9568102e-016              0              0     1.884e-005
    43 5.7909871e-005-1.9568102e-016              0              0     1.884e-005
    43 5.7909871e-005-1.9568102e-016             -0              0     1.884e-005
  43.1 5.7909871e-005-1.9568102e-016             -0              0     1.884e-005
  43.1 5.7909871e-005-1.9568102e-016             -0              0     1.884e-005
  43.2 5.7909871e-005-1.9568102e-016             -0              0     1.884e-005
  43.2 5.7909871e-005-1.9568102e-016             -0              0     1.884e-005
  43.3 5.7909871e-005-1.9568102e-016             -0             -0     1.884e-005
  43.3 5.7909871e-005-1.9568102e-016              0             -0     1.884e-005
  43.4 5.7909871e-005-1.9568102e-016              0             -0     1.884e-005
  43.4 5.7909871e-005-1.9568102e-016              0             -0     1.884e-005
  43.5 5.7909871e-005-1.9568102e-016              0             -0     1.884e-005
  43.5 5.7909871e-005-1.9568102e-016              0             -0     1.884e-005
  43.6 5.7909871e-005-1.9568102e-016              0              0     1.884e-005
  43.6 5.7909871e-005-1.9568102e-016              0              0     1.884e-005
  43.7 5.7909871e-005-1.9568102e-016              0              0     1.884e-005
  43.7 5.7909871e-005-1.9568102e-016              0              0     1.884e-005
  43.8 5.7909871e-005-1.9568102e-016              0              0     1.884e-005
  43.8 5.7909871e-005-1.9568102e-016              0              0     1.884e-005
  43.9 5.7909871e-005-1.9568102e-016              0              0     1.884e-005
  43.9 5.7909871e-005-1.9568102e-016              0              0     1.884e-005
    44 5.7909871e-005-1.9568102e-016              0              0     1.884e-005
    44 5.7909871e-005-1.9568102e-016              0              0     1.884e-005
  44.1 5.7909871e-005-1.9568102e-016             -0              0     1.884e-005
  44.1 5.7909871e-005-1.9568102e-016             -0              0     1.884e-005
  44.2 5.7909871e-005-1.9568102e-016             -0              0     1.884e-005
  44.2 5.7909871e-005-1.9568102e-016             -0              0     1.884e-005
  44.3 5.7909871e-005-1.9568102e-016             -0              0     1.884e-005
  44.3 5.7909871e-005-1.9568102e-016              0             -0     1.884e-005
  44.4 5.7909871e-005-1.9568102e-016              0             -0     1.884e-005
  44.4 5.7909871e-005-1.9568102e-016              0             -0     1.884e-005
  44.5 5.7909871e-005-1.9568102e-016              0             -0     1.884e-005
  44.5 5.7909871e-005-1.9568102e-016              0             -0     1.884e-005
  44.6 5.7909871e-005-1.9568102e-016              0              0     1.884e-005
  44.6 5.7909871e-005-1.9568102e-016              0              0     1.884e-005
  44.7 5.7909871e-005-1.9568102e-016              0              0     1.884e-005
  44.7 5.7909871e-005-1.9568102e-016              0              0     1.884e-005
  44.8 5.7909871e-005-1.9568102e-016              0              0     1.884e-005
  44.8 5.7909871e-005-1.9568102e-016              0              0     1.884e-005
  44.9 5.7909871e-005-1.9568102e-016              0              0     1.884e-005
  44.9 5.7909871e-005-1.9568102e-016              0              0     1.884e-005
    45 5.7909871e-005-1.9568102e-016              0              0     1.884e-005
    45 5.7909871e-005-1.9568102e-016              0              0     1.884e-005
  45.1 5.7909871e-005-1.9568102e-016             -0              0     1.884e-005
  45.1 5.7909871e-005-1.9568102e-016             -0              0     1.884e-005
  45.2 5.7909871e-005-1.9568102e-016             -0              0     1.884e-005
  45.2 5.7909871e-005-1.9568102e-016             -0              0     1.884e-005
  45.3 5.7909871e-005-1.9568102e-016             -0              0     1.884e-005
  45.3 5.7909871e-005-1.9568102e-016             -0             -0     1.884e-005
  45.4 5.7909871e-005-1.9568102e-016              0             -0     1.884e-005
  45.4 5.7909871e-005-1.9568102e-016              0             -0     1.884e-005
  45.5 5.7909871e-005-1.9568102e-016              0             -0     1.884e-005
  45.5 5.7909871e-005-1.9568102e-016              0             -0     1.884e-005
  45.6 5.7909871e-005-1.9568102e-016              0             -0     1.884e-005
  45.6 5.7909871e-005-1.9568102e-016              0              0     1.884e-005
  45.7 5.7909871e-005-1.9568102e-016              0              0     1.884e-005
  45.7 5.7909871e-005-1.9568102e-016              0              0     1.884e-005
  45.8 5.7909871e-005-1.9568102e-016              0              0     1.884e-005
  45.8 5.7909871e-005-1.9568102e-016              0              0     1.884e-005
  45.9 5.7909871e-005-1.9568102e-016              0              0     1.884e-005
  45.9 5.7909871e-005-1.9568102e-016              0              0     1.884e-005
    46 5.7909871e-005-1.9568102e-016              0              0     1.884e-005
    46 5.7909871e-005-1.9568102e-016              0              0     1.884e-005
  46.1 5.7909871e-005-1.9568102e-016              0              0     1.884e-005
  46.1 5.7909871e-005-1.9568102e-016             -0              0     1.884e-005
  46.2 5.7909871e-005-1.9568102e-016             -0              0     1.884e-005
  46.2 5.7909871e-005-1.9568102e-016             -0              0     1.884e-005
  46.3 5.7909871e-005-1.9568102e-016             -0              0     1.884e-005
  46.3 5.7909871e-005-1.9568102e-016             -0              0     1.884e-005
  46.4 5.7909871e-005-1.9568102e-016             -0             -0     1.884e-005
  46.4 5.7909871e-005-1.9568102e-016              0             -0     1.884e-005
  46.5 5.7909871e-005-1.9568102e-016              0             -0     1.884e-005
  46.5 5.7909871e-005-1.9568102e-016              0             -0     1.884e-005
  46.6 5.7909871e-005-1.9568102e-016              0             -0     1.884e-005
  46.6 5.7909871e-005-1.9568102e-016              0             -0     1.884e-005
  46.7 5.7909871e-005-1.9568102e-016              0              0     1.884e-005
  46.7 5.7909871e-005-1.9568102e-016              0              0     1.884e-005
  46.8 5.7909871e-005-1.9568102e-016              0              0     1.884e-005
  46.8 5.7909871e-005-1.9568102e-016              0              0     1.884e-005
  46.9 5.7909871e-005-1.9568102e-016              0              0     1.884e-005
  46.9 5.7909871e-005-1.9568102e-016              0              0     1.884e-005
    47 5.7909871e-005-1.9568102e-016              0              0     1.884e-005
    47 5.7909871e-005-1.9568102e-016              0              0     1.884e-005
  47.1 5.7909871e-005-1.9568102e-016              0              0     1.884e-005
  47.1 5.7909871e-005-1.9568102e-016             -0              0     1.884e-005
  47.2 5.7909871e-005-1.9568102e-016             -0              0     1.884e-005
  47.2 5.7909871e-005-1.9568102e-016             -0              0     1.884e-005
  47.3 5.7909871e-005-1.9568102e-016             -0              0     1.884e-005
  47.3 5.7909871e-005-1.9568102e-016             -0              0     1.884e-005
  47.4 5.7909871e-005-1.9568102e-016             -0              0     1.884e-005
  47.4 5.7909871e-005-1.9568102e-016              0             -0     1.884e-005
  47.5 5.7909871e-005-1.9568102e-016              0             -0     1.884e-005
  47.5 5.7909871e-005-1.9568102e-016              0             -0     1.884e-005
  47.6 5.7909871e-005-1.9568102e-016              0             -0     1.884e-005
  47.6 5.7909871e-005-1.9568102e-016              0             -0     1.884e-005
  47.7 5.7909871e-005-1.9568102e-016              0              0     1.884e-005
  47.7 5.7909871e-005-1.9568102e-016              0              0     1.884e-005
  47.8 5.7909871e-005-1.9568102e-016              0              0     1.884e-005
  47.8 5.7909871e-005-1.9568102e-016              0              0     1.884e-005
  47.9 5.7909871e-005-1.9568102e-016              0              0     1.884e-005
  47.9 5.7909871e-005-1.9568102e-016              0              0     1.884e-005
    48 5.7909871e-005-1.9568102e-016              0              0     1.884e-005
    48 5.7909871e-005-1.9568102e-016              0              0     1.884e-005
  48.1 5.7909871e-005-1.9568102e-016              0              0     1.884e-005
  48.1 5.7909871e-005-1.9568102e-016              0              0     1.884e-005
  48.2 5.7909871e-005-1.9568102e-016             -0              0     1.884e-005
  48.2 5.7909871e-005-1.9568102e-016             -0              0     1.884e-005
  48.3 5.7909871e-005-1.9568102e-016             -0              0     1.884e-005
  48.3 5.7909871e-005-1.9568102e-016             -0              0     1.884e-005
  48.4 5.7909871e-005-1.9568102e-016             -0              0     1.884e-005
  48.4 5.7909871e-005-1.9568102e-016             -0             -0     1.884e-005
  48.5 5.7909871e-005-1.9568102e-016              0             -0     1.884e-005
  48.5 5.7909871e-005-1.9568102e-016              0             -0     1.884e-005
  48.6 5.7909871e-005-1.9568102e-016              0             -0     1.884e-005
  48.6 5.7909871e-005-1.9568102e-016              0             -0     1.884e-005
  48.7 5.7909871e-005-1.9568102e-016              0             -0     1.884e-005
  48.7 5.7909871e-005-1.9568102e-016              0              0     1.884e-005
  48.8 5.7909871e-005-1.9568102e-016              0              0     1.884e-005
  48.8 5.7909871e-005-1.9568102e-016              0              0     1.884e-005
  48.9 5.7909871e-005-1.9568102e-016              0              0     1.884e-005
  48.9 5.7909871e-005-1.9568102e-016              0              0     1.884e-005
    49 5.7909871e-005-1.9568102e-016              0              0     1.884e-005
    49 5.7909871e-005-1.9568102e-016              0              0     1.884e-005
  49.1 5.7909871e-005-1.9568102e-016              0              0     1.884e-005
  49.1 5.7909871e-005-1.9568102e-016              0              0     1.884e-005
  49.2 5.7909871e-005-1.9568102e-016              0              0     1.884e-005
  49.2 5.7909871e-005-1.9568102e-016             -0              0     1.884e-005
  49.3 5.7909871e-005-1.9568102e-016             -0              0     1.884e-005
  49.3 5.7909871e-005-1.9568102e-016             -0              0     1.884e-005
  49.4 5.7909871e-005-1.9568102e-016             -0              0     1.884e-005
  49.4 5.7909871e-005-1.9568102e-016             -0              0     1.884e-005
  49.5 5.7909871e-005-1.9568102e-016              0             -0     1.884e-005
  49.5 5.7909871e-005-1.9568102e-016              0             -0     1.884e-005
  49.6 5.7909871e-005-1.9568102e-016              0             -0     1.884e-005
  49.6 5.7909871e-005-1.9568102e-016              0             -0     1.884e-005
  49.7 5.7909871e-005-1.9568102e-016              0             -0     1.884e-005
  49.7 5.7909871e-005-1.9568102e-016              0              0     1.884e-005
  49.8 5.7909871e-005-1.9568102e-016              0              0     1.884e-005
  49.8 5.7909871e-005-1.9568102e-016              0              0     1.884e-005
  49.9 5.7909871e-005-1.9568102e-016              0              0     1.884e-005
  49.9 5.7909871e-005-1.9568102e-016              0              0     1.884e-005
    50 5.7909871e-005-1.9568102e-016              0              0     1.884e-005
