  time        kinetic      potential      angular_x      angular_y      angular_z
     0 5.7909871e-005-1.9568102e-016              0              0     1.884e-005
  0.05 6.3094583e-005-2.0467013e-016              0              0     1.884e-005
   0.1 6.8052204e-005-2.1333752e-016              0              0     1.884e-005
  0.15 7.1899018e-005-2.2012353e-016              0              0     1.884e-005
   0.2  7.371979e-005-2.2335736e-016             -0              0     1.884e-005
  0.25 7.3005848e-005-2.2208753e-016             -0              0     1.884e-005
   0.3 6.9962592e-005-2.1670019e-016             -0              0     1.884e-005
  0.35 6.5380439e-005-2.0865666e-016             -0              0     1.884e-005
   0.4 6.0202864e-005-1.9964821e-016              0              0     1.884e-005
  0.45 5.5175641e-005 -1.909656e-016              0             -0     1.884e-005
   0.5 5.0746958e-005-1.8335793e-016              0             -0     1.884e-005
  0.55 4.7128621e-005-1.7716518e-016              0             -0     1.884e-005
   0.6 4.4392415e-005-1.7249347e-016              0             -0     1.884e-005
  0.65 4.2544333e-005-1.6934284e-016              0             -0     1.884e-005
   0.7 4.1569129e-005-1.6768167e-016              0              0     1.884e-005
  0.75 4.1453365e-005-1.6748454e-016              0              0     1.884e-005
   0.8 4.2195221e-005-1.6874806e-016              0              0     1.884e-005
  0.85 4.3805546e-005-1.7149258e-016              0              0     1.884e-005
   0.9 4.6300695e-005-1.7575067e-016              0              0     1.884e-005
  0.95 4.9683738e-005-1.8153631e-016              0              0     1.884e-005
     1 5.3906678e-005-1.8878222e-016              0              0     1.884e-005
  1.05 5.8804624e-005 -1.972276e-016              0              0     1.884e-005
   1.1 6.4002592e-005-2.0625181e-016              0              0     1.884e-005
  1.15 6.8834862e-005-2.1471348e-016              0              0     1.884e-005
   1.2 7.2387116e-005-2.2098895e-016              0              0     1.884e-005
  1.25 7.3781844e-005-2.2346784e-016             -0              0     1.884e-005
   1.3 7.2623642e-005-2.2140871e-016             -0              0     1.884e-005
  1.35 6.9242921e-005-2.1543179e-016             -0              0     1.884e-005
   1.4 6.4490582e-005-2.0710286e-016             -0              0     1.884e-005
  1.45 5.9293897e-005-1.9807409e-016             -0              0     1.884e-005
   1.5  5.434718e-005-1.8953981e-016              0             -0     1.884e-005
  1.55 5.0050452e-005-1.8216441e-016              0             -0     1.884e-005
   1.6 4.6584272e-005-1.7623506e-016              0             -0     1.884e-005
  1.65 4.4004419e-005-1.7183172e-016              0             -0     1.884e-005
   1.7 4.2310675e-005-1.6894474e-016              0             -0     1.884e-005
  1.75 4.1486909e-005-1.6754166e-016              0             -0     1.884e-005
   1.8 4.1521294e-005-1.6760022e-016              0              0     1.884e-005
  1.85 4.2414374e-005-1.6912141e-016              0              0     1.884e-005
   1.9 4.4178744e-005-1.7212902e-016              0              0     1.884e-005
  1.95  4.683021e-005-1.7665525e-016              0              0     1.884e-005
     2 5.0366302e-005-1.8270555e-016              0              0     1.884e-005
  2.05 5.4724184e-005-1.9018847e-016              0              0     1.884e-005
   2.1 5.9709364e-005-1.9879333e-016              0              0     1.884e-005
  2.15 6.4900062e-005-2.0781756e-016              0              0     1.884e-005
   2.2 6.9578133e-005-2.1602234e-016              0              0     1.884e-005
  2.25 7.2807585e-005-2.2173532e-016              0              0     1.884e-005
   2.3 7.3763395e-005-2.2343499e-016              0              0     1.884e-005
  2.35 7.2171696e-005-2.2060688e-016             -0              0     1.884e-005
   2.4 6.8480939e-005-2.1409098e-016             -0              0     1.884e-005
  2.45 6.3587732e-005-2.0552886e-016             -0              0     1.884e-005
   2.5 5.8393392e-005-1.9651655e-016             -0              0     1.884e-005
  2.55 5.3539259e-005-1.8815059e-016              0             -0     1.884e-005
   2.6 4.9379791e-005-1.8101586e-016              0             -0     1.884e-005
  2.65 4.6067313e-005-1.7535208e-016              0             -0     1.884e-005
   2.7 4.3643709e-005-1.7121664e-016              0             -0     1.884e-005
  2.75  4.210376e-005-1.6859225e-016              0             -0     1.884e-005
   2.8 4.1431049e-005-1.6744654e-016              0             -0     1.884e-005
  2.85 4.1615602e-005-1.6776082e-016              0              0     1.884e-005
   2.9 4.2660313e-005-1.6954046e-016              0              0     1.884e-005
  2.95 4.4579265e-005-1.7281222e-016              0              0     1.884e-005
     3 4.7387072e-005-1.7760693e-016              0              0     1.884e-005
  3.05 5.1074458e-005-1.8391939e-016              0              0     1.884e-005
   3.1 5.5561552e-005-1.9163021e-016              0              0     1.884e-005
  3.15 6.0621208e-005-2.0037337e-016              0              0     1.884e-005
   3.2 6.5782403e-005-2.0935936e-016              0              0     1.884e-005
  3.25 7.0276631e-005-2.1725432e-016              0              0     1.884e-005
   3.3 7.3156654e-005-2.2235556e-016              0              0     1.884e-005
  3.35 7.3664619e-005-2.2325915e-016              0              0     1.884e-005
   3.4 7.1654019e-005-2.1968953e-016             -0              0     1.884e-005
  3.45 6.7682042e-005-2.1268753e-016             -0              0     1.884e-005
   3.5 6.2676353e-005-2.0394241e-016             -0              0     1.884e-005
  3.55 5.7504096e-005-1.9498022e-016             -0              0     1.884e-005
   3.6 5.2753203e-005-1.8680009e-016              0              0     1.884e-005
  3.65 4.8735444e-005-1.7991298e-016              0             -0     1.884e-005
   3.7   4.55778e-005-1.7451628e-016              0             -0     1.884e-005
  3.75   4.33102e-005-1.7064807e-016              0             -0     1.884e-005
   3.8 4.1923499e-005 -1.682852e-016              0             -0     1.884e-005
  3.85 4.1401522e-005-1.6739626e-016              0             -0     1.884e-005
   3.9 4.1736334e-005-1.6796643e-016              0             -0     1.884e-005
  3.95 4.2933135e-005-1.7000538e-016              0              0     1.884e-005
     4 4.5007176e-005-1.7354234e-016              0              0     1.884e-005
  4.05 4.7971153e-005-1.7860555e-016              0              0     1.884e-005
   4.1 5.1807567e-005-1.8517682e-016              0              0     1.884e-005
  4.15 5.6417146e-005-1.9310476e-016              0              0     1.884e-005
   4.2 6.1536971e-005-2.0196233e-016              0              0     1.884e-005
  4.25 6.6644774e-005-2.1086871e-016              0              0     1.884e-005
   4.3 7.0925044e-005-2.1839972e-016              0              0     1.884e-005
  4.35  7.343112e-005-2.2284364e-016              0              0     1.884e-005
   4.4 7.3486462e-005-2.2294209e-016              0              0     1.884e-005
  4.45 7.1075068e-005-2.1866498e-016             -0              0     1.884e-005
   4.5 6.6851593e-005-2.1123107e-016             -0              0     1.884e-005
  4.55 6.1760625e-005-2.0235073e-016             -0              0     1.884e-005
   4.6 5.6628471e-005-1.9346919e-016             -0              0     1.884e-005
  4.65  5.199015e-005-1.8549013e-016             -0              0     1.884e-005
   4.7  4.811778e-005-1.7885632e-016              0             -0     1.884e-005
  4.75  4.511575e-005-1.7372762e-016              0             -0     1.884e-005
   4.8 4.3003796e-005-1.7012581e-016              0             -0     1.884e-005
  4.85  4.176981e-005-1.6802344e-016              0             -0     1.884e-005
   4.9 4.1398312e-005 -1.673908e-016              0             -0     1.884e-005
  4.95  4.188355e-005-1.6821716e-016              0             -0     1.884e-005
     5  4.323294e-005-1.7051637e-016              0              0     1.884e-005
  5.05 4.5462526e-005 -1.743195e-016              0              0     1.884e-005
   5.1 4.8582259e-005-1.7965087e-016              0              0     1.884e-005
  5.15 5.2564855e-005-1.8647666e-016              0              0     1.884e-005
   5.2 5.7289093e-005-1.9460905e-016              0              0     1.884e-005
  5.25 6.2453161e-005-2.0355425e-016              0              0     1.884e-005
   5.3 6.7482117e-005-2.1233668e-016              0              0     1.884e-005
  5.35 7.1518226e-005 -2.194491e-016              0              0     1.884e-005
   5.4 7.3628417e-005-2.2319471e-016              0              0     1.884e-005
  5.45 7.3230614e-005-2.2248705e-016              0              0     1.884e-005
   5.5 7.0439665e-005-2.1754215e-016             -0              0     1.884e-005
  5.55 6.5994856e-005-2.0973097e-016             -0              0     1.884e-005
   5.6 6.0844423e-005-2.0076048e-016             -0              0     1.884e-005
  5.65 5.5768706e-005-1.9198709e-016             -0              0     1.884e-005
   5.7 5.1251064e-005-1.8422223e-016             -0              0     1.884e-005
  5.75 4.7527085e-005-1.7784627e-016              0             -0     1.884e-005
   5.8 4.4681148e-005-1.7298604e-016              0             -0     1.884e-005
  5.85 4.2724399e-005-1.6964966e-016              0             -0     1.884e-005
   5.9 4.1642621e-005-1.6780683e-016              0             -0     1.884e-005
  5.95 4.1421417e-005-1.6743014e-016              0             -0     1.884e-005
     6 4.2057321e-005-1.6851315e-016              0             -0     1.884e-005
  6.05 4.3559827e-005-1.7107363e-016              0             -0     1.884e-005
   6.1 4.5945338e-005-1.7514379e-016              0              0     1.884e-005
  6.15 4.9220126e-005-1.8074252e-016              0              0     1.884e-005
   6.2 5.3345396e-005-1.8781742e-016              0              0     1.884e-005
  6.25 5.8175269e-005-1.9613957e-016              0              0     1.884e-005
   6.3 6.3365975e-005-2.0514262e-016              0              0     1.884e-005
  6.35 6.8289204e-005-2.1375394e-016              0              0     1.884e-005
   6.4 7.2051281e-005-2.2039339e-016              0              0     1.884e-005
  6.45 7.3746679e-005-2.2340523e-016              0              0     1.884e-005
   6.5 7.2899477e-005-2.2189854e-016              0              0     1.884e-005
  6.55 6.9752903e-005-2.1633041e-016             -0              0     1.884e-005
   6.6 6.5116932e-005-2.0819629e-016             -0              0     1.884e-005
  6.65 5.9931317e-005-1.9917774e-016             -0              0     1.884e-005
   6.7 5.4926731e-005-1.9053708e-016             -0              0     1.884e-005
  6.75 5.0536756e-005-1.8299765e-016             -0              0     1.884e-005
   6.8 4.6963567e-005-1.7688312e-016              0              0     1.884e-005
  6.85 4.4273949e-005 -1.722914e-016              0             -0     1.884e-005
   6.9  4.247191e-005-1.6921944e-016              0             -0     1.884e-005
  6.95 4.1541871e-005-1.6763526e-016              0             -0     1.884e-005
     7 4.1470849e-005-1.6751431e-016              0             -0     1.884e-005
  7.05 4.2257724e-005-1.6885453e-016              0             -0     1.884e-005
   7.1 4.3913891e-005-1.7167734e-016              0             -0     1.884e-005
  7.15 4.6455604e-005-1.7601526e-016              0              0     1.884e-005
   7.2 4.9884406e-005-1.8187998e-016              0              0     1.884e-005
  7.25 5.4148097e-005-1.8919737e-016              0              0     1.884e-005
   7.3 5.9073281e-005-1.9769233e-016              0              0     1.884e-005
  7.35 6.4271307e-005-2.0672036e-016              0              0     1.884e-005
   7.4 6.9060691e-005-2.1511093e-016              0              0     1.884e-005
  7.45 7.2519653e-005-2.2122413e-016              0              0     1.884e-005
   7.5 7.3784774e-005-2.2347306e-016              0              0     1.884e-005
  7.55 7.2496102e-005-2.2118234e-016              0              0     1.884e-005
   7.6 6.9020061e-005-2.1503941e-016              0              0     1.884e-005
  7.65  6.422272e-005-2.0663563e-016             -0              0     1.884e-005
   7.7 5.9024567e-005-1.9760805e-016             -0              0     1.884e-005
  7.75 5.4104239e-005-1.8912195e-016             -0              0     1.884e-005
   7.8 4.9847895e-005-1.8181745e-016             -0              0     1.884e-005
  7.85  4.642737e-005-1.7596704e-016             -0              0     1.884e-005
   7.9 4.3894091e-005-1.7164357e-016              0             -0     1.884e-005
  7.95  4.224623e-005-1.6883495e-016              0             -0     1.884e-005
     8 4.1467509e-005-1.6750863e-016              0             -0     1.884e-005
  8.05 4.1546633e-005-1.6764337e-016              0             -0     1.884e-005
   8.1 4.2484848e-005-1.6924149e-016              0             -0     1.884e-005
  8.15 4.4295222e-005-1.7232769e-016              0             -0     1.884e-005
   8.2 4.6993277e-005-1.7693389e-016              0             -0     1.884e-005
  8.25 5.0574655e-005-1.8306261e-016              0              0     1.884e-005
   8.3 5.4971679e-005-1.9061446e-016              0              0     1.884e-005
  8.35 5.9980452e-005-1.9926286e-016              0              0     1.884e-005
   8.4 6.5164762e-005-2.0827983e-016              0              0     1.884e-005
  8.45 6.9791184e-005 -2.163979e-016              0              0     1.884e-005
   8.5 7.2919218e-005-2.2193361e-016              0              0     1.884e-005
  8.55 7.3742337e-005 -2.233975e-016              0              0     1.884e-005
   8.6  7.202413e-005-2.2034526e-016              0              0     1.884e-005
  8.65 6.8246516e-005-2.1367892e-016              0              0     1.884e-005
   8.7 6.3316874e-005-2.0505712e-016             -0              0     1.884e-005
  8.75 5.8127127e-005-1.9605638e-016             -0              0     1.884e-005
   8.8 5.3302703e-005-1.8774406e-016             -0              0     1.884e-005
  8.85  4.918503e-005-1.8068244e-016             -0              0     1.884e-005
   8.9 4.5918585e-005-1.7509811e-016             -0              0     1.884e-005
  8.95 4.3541496e-005-1.7104237e-016              0             -0     1.884e-005
     9 4.2047265e-005-1.6849602e-016              0             -0     1.884e-005
  9.05 4.1419498e-005-1.6742687e-016              0             -0     1.884e-005
   9.1 4.1648809e-005-1.6781737e-016              0             -0     1.884e-005
  9.15 4.2738787e-005-1.6967418e-016              0             -0     1.884e-005
   9.2 4.4703898e-005-1.7302485e-016              0             -0     1.884e-005
  9.25 4.7558266e-005-1.7789958e-016              0             -0     1.884e-005
   9.3 5.1290318e-005-1.8428954e-016              0              0     1.884e-005
  9.35 5.5814659e-005-1.9206627e-016              0              0     1.884e-005
   9.4 6.0893812e-005-2.0084614e-016              0              0     1.884e-005
  9.45 6.6041669e-005-2.0981288e-016              0              0     1.884e-005
   9.5 7.0475308e-005-2.1760509e-016              0              0     1.884e-005
  9.55 7.3246366e-005-2.2251505e-016              0              0     1.884e-005
   9.6 7.3619775e-005-2.2317933e-016              0              0     1.884e-005
  9.65 7.1487711e-005-2.1939508e-016              0              0     1.884e-005
   9.7  6.743766e-005-2.1225868e-016              0              0     1.884e-005
  9.75 6.2403776e-005-2.0346838e-016             -0              0     1.884e-005
   9.8 5.7241661e-005-1.9452718e-016             -0              0     1.884e-005
  9.85  5.252339e-005-1.8640546e-016             -0              0     1.884e-005
   9.9 4.8548599e-005-1.7959328e-016             -0              0     1.884e-005
  9.95 4.5437255e-005-1.7427636e-016             -0              0     1.884e-005
    10 4.3216073e-005-1.7048762e-016             -0              0     1.884e-005
  10.1  4.187493e-005-1.6820248e-016              0             -0     1.884e-005
  10.1 4.1397813e-005-1.6738995e-016              0             -0     1.884e-005
  10.2 4.1777426e-005-1.6803641e-016              0             -0     1.884e-005
  10.2 4.3019639e-005-1.7015281e-016              0             -0     1.884e-005
  10.3 4.5139981e-005-1.7376898e-016              0             -0     1.884e-005
  10.3 4.8150422e-005-1.7891215e-016              0             -0     1.884e-005
  10.4 5.2030719e-005-1.8555975e-016              0              0     1.884e-005
  10.4 5.6675332e-005-1.9355002e-016              0              0     1.884e-005
  10.5 6.1810081e-005-2.0243663e-016              0              0     1.884e-005
  10.5 6.6897121e-005-2.1131085e-016              0              0     1.884e-005
  10.6 7.1107793e-005-2.1872286e-016              0              0     1.884e-005
  10.6 7.3498076e-005-2.2296276e-016              0              0     1.884e-005
  10.7 7.3418259e-005-2.2282076e-016              0              0     1.884e-005
  10.7 7.0891422e-005-2.1834028e-016              0              0     1.884e-005
  10.8 6.6598834e-005-2.1078825e-016              0              0     1.884e-005
  10.8 6.1487515e-005-2.0187646e-016              0              0     1.884e-005
  10.9 5.6370544e-005-1.9302441e-016             -0              0     1.884e-005
  10.9 5.1767385e-005-1.8510788e-016             -0              0     1.884e-005
    11 4.7938945e-005-1.7855047e-016             -0              0     1.884e-005
    11 4.4983387e-005-1.7350174e-016             -0              0     1.884e-005
  11.1 4.2917727e-005-1.6997912e-016             -0              0     1.884e-005
  11.1 4.1729144e-005-1.6795418e-016              0             -0     1.884e-005
  11.2 4.1402444e-005-1.6739783e-016              0             -0     1.884e-005
  11.2 4.1932546e-005-1.6830061e-016              0             -0     1.884e-005
  11.3 4.3327503e-005-1.7067756e-016              0             -0     1.884e-005
  11.3 4.5603512e-005-1.7456017e-016              0             -0     1.884e-005
  11.4 4.8769533e-005-1.7997131e-016              0             -0     1.884e-005
  11.4 5.2795039e-005-1.8687194e-016              0             -0     1.884e-005
  11.5 5.7551753e-005-1.9506251e-016              0              0     1.884e-005
  11.5 6.2725677e-005 -2.040282e-016              0              0     1.884e-005
  11.6 6.7726002e-005 -2.127647e-016              0              0     1.884e-005
  11.6 7.1683558e-005-2.1974185e-016              0              0     1.884e-005
  11.7 7.3671987e-005-2.2327226e-016              0              0     1.884e-005
  11.7 7.3139697e-005-2.2232542e-016              0              0     1.884e-005
  11.8 7.0240173e-005-2.1718996e-016              0              0     1.884e-005
  11.8 6.5735259e-005-2.0927692e-016              0              0     1.884e-005
  11.9 6.0571876e-005-2.0028784e-016              0              0     1.884e-005
  11.9 5.5515889e-005-1.9155155e-016             -0              0     1.884e-005
    12 5.1035604e-005-1.8385277e-016             -0              0     1.884e-005
    12 4.7356329e-005-1.7755438e-016             -0              0     1.884e-005
  12.1 4.4556955e-005-1.7277416e-016             -0              0     1.884e-005
  12.1 4.2646358e-005-1.6951668e-016             -0              0     1.884e-005
  12.2 4.1609839e-005  -1.67751e-016              0              0     1.884e-005
  12.2 4.1433391e-005-1.6745053e-016              0             -0     1.884e-005
  12.3 4.2114244e-005-1.6861011e-016              0             -0     1.884e-005
  12.3 4.3662477e-005-1.7124864e-016              0             -0     1.884e-005
  12.4 4.6094507e-005-1.7539852e-016              0             -0     1.884e-005
  12.4 4.9415311e-005-1.8107667e-016              0             -0     1.884e-005
  12.5 5.3582306e-005-1.8822458e-016              0             -0     1.884e-005
  12.5 5.8441718e-005-1.9660009e-016              0              0     1.884e-005
  12.6 6.3636704e-005-2.0561417e-016              0              0     1.884e-005
  12.6 6.8523044e-005-2.1416502e-016              0              0     1.884e-005
  12.7 7.2197798e-005-2.2065316e-016              0              0     1.884e-005
  12.7 7.3766446e-005-2.2344043e-016              0              0     1.884e-005
  12.8 7.2786688e-005-2.2169821e-016              0              0     1.884e-005
  12.8 6.9539123e-005-2.1595359e-016              0              0     1.884e-005
  12.9  6.485198e-005-2.0773361e-016              0              0     1.884e-005
  12.9 5.9660337e-005-1.9870843e-016              0              0     1.884e-005
    13 5.4679552e-005-1.9011167e-016             -0              0     1.884e-005
    13 5.0328814e-005-1.8264132e-016             -0              0     1.884e-005
  13.1 4.6800939e-005-1.7660523e-016             -0              0     1.884e-005
  13.1  4.415791e-005-1.7209349e-016             -0              0     1.884e-005
  13.2 4.2401866e-005 -1.691001e-016             -0              0     1.884e-005
  13.2 4.1516956e-005-1.6759283e-016             -0              0     1.884e-005
  13.3 4.1490672e-005-1.6754807e-016              0             -0     1.884e-005
  13.3 4.2322599e-005-1.6896506e-016              0             -0     1.884e-005
  13.4 4.4024657e-005-1.7186623e-016              0             -0     1.884e-005
  13.4 4.6612946e-005-1.7628405e-016              0             -0     1.884e-005
  13.5  5.008738e-005-1.8222767e-016              0             -0     1.884e-005
  13.5 5.4391371e-005-1.8961583e-016              0             -0     1.884e-005
  13.6 5.9342753e-005-1.9815864e-016              0              0     1.884e-005
  13.6  6.453897e-005-2.0718729e-016              0              0     1.884e-005
  13.7 6.9282881e-005-2.1550216e-016              0              0     1.884e-005
  13.7 7.2646078e-005-2.2144854e-016              0              0     1.884e-005
  13.8 7.3780549e-005-2.2346554e-016              0              0     1.884e-005
  13.8 7.2362469e-005-2.2094523e-016              0              0     1.884e-005
  13.9 6.8793588e-005-2.1464086e-016              0              0     1.884e-005
  13.9 6.3953827e-005 -2.061668e-016              0              0     1.884e-005
    14 5.8756065e-005-1.9714362e-016              0              0     1.884e-005
    14  5.386316e-005-1.8870739e-016             -0              0     1.884e-005
  14.1 4.9647647e-005 -1.814745e-016             -0              0     1.884e-005
  14.1 4.6272903e-005 -1.757032e-016             -0              0     1.884e-005
  14.2 4.3786184e-005-1.7145957e-016             -0              0     1.884e-005
  14.2 4.2184156e-005-1.6872921e-016             -0              0     1.884e-005
  14.3 4.1450449e-005-1.6747958e-016             -0              0     1.884e-005
  14.3 4.1574315e-005-1.6769051e-016              0             -0     1.884e-005
  14.4 4.2557703e-005-1.6936562e-016              0             -0     1.884e-005
  14.4 4.4414128e-005-1.7253051e-016              0             -0     1.884e-005
  14.5  4.715877e-005-1.7721671e-016              0             -0     1.884e-005
  14.5 5.0785264e-005-1.8342359e-016              0             -0     1.884e-005
  14.6 5.5220898e-005-1.9104353e-016              0             -0     1.884e-005
  14.6 6.0252093e-005-1.9973352e-016              0             -0     1.884e-005
  14.7 6.5427994e-005-2.0873977e-016              0              0     1.884e-005
  14.7 7.0000117e-005-2.1676638e-016              0              0     1.884e-005
  14.8 7.3024418e-005-2.2212053e-016              0              0     1.884e-005
  14.8  7.371416e-005-2.2334734e-016              0              0     1.884e-005
  14.9 7.1870839e-005 -2.200736e-016              0              0     1.884e-005
  14.9 6.8008958e-005-2.1326156e-016              0              0     1.884e-005
    15 6.3045374e-005-2.0458448e-016              0              0     1.884e-005
    15 5.7861928e-005 -1.955982e-016              0              0     1.884e-005
  15.1 5.3068122e-005-1.8734101e-016              0              0     1.884e-005
  15.1 4.8992617e-005-1.8035309e-016             -0              0     1.884e-005
  15.2 4.5772295e-005-1.7484833e-016             -0              0     1.884e-005
  15.2 4.3441695e-005-1.7087223e-016             -0              0     1.884e-005
  15.3 4.1993135e-005-1.6840381e-016             -0              0     1.884e-005
  15.3 4.1410284e-005-1.6741118e-016             -0              0     1.884e-005
  15.4 4.1684363e-005-1.6787792e-016             -0              0     1.884e-005
  15.4 4.2819651e-005-1.6981198e-016              0             -0     1.884e-005
  15.5 4.4830965e-005-1.7324165e-016              0             -0     1.884e-005
  15.5 4.7731872e-005-1.7819639e-016              0             -0     1.884e-005
  15.6 5.1508375e-005-1.8466354e-016              0             -0     1.884e-005
  15.6 5.6069339e-005-1.9250516e-016              0             -0     1.884e-005
  15.7 6.1166676e-005-2.0131956e-016              0             -0     1.884e-005
  15.7 6.6299032e-005-2.1026329e-016              0              0     1.884e-005
  15.8 7.0669399e-005-2.1794792e-016              0              0     1.884e-005
  15.8 7.3329375e-005-2.2266267e-016              0              0     1.884e-005
  15.9 7.3567917e-005-2.2308703e-016              0              0     1.884e-005
  15.9 7.1316086e-005-2.1909133e-016              0              0     1.884e-005
    16 6.7190619e-005-2.1182537e-016              0              0     1.884e-005
    16  6.213092e-005-2.0299408e-016              0              0     1.884e-005
  16.1 5.6980501e-005-1.9407648e-016              0              0     1.884e-005
  16.1 5.2295648e-005-1.8601447e-016              0              0     1.884e-005
  16.2 4.8364132e-005 -1.792777e-016             -0              0     1.884e-005
  16.2 4.5299149e-005-1.7404063e-016             -0              0     1.884e-005
  16.3  4.312435e-005-1.7033128e-016             -0              0     1.884e-005
  16.3 4.1828718e-005-1.6812377e-016             -0              0     1.884e-005
  16.4 4.1396441e-005-1.6738761e-016             -0              0     1.884e-005
  16.4  4.182087e-005 -1.681104e-016             -0              0     1.884e-005
  16.5  4.310854e-005-1.7030433e-016              0             -0     1.884e-005
  16.5 4.5275223e-005-1.7399979e-016              0             -0     1.884e-005
  16.6 4.8332085e-005-1.7922288e-016              0             -0     1.884e-005
  16.6 5.2255995e-005 -1.859464e-016              0             -0     1.884e-005
  16.7 5.6934919e-005-1.9399783e-016              0             -0     1.884e-005
  16.7 6.2083134e-005-2.0291103e-016              0             -0     1.884e-005
  16.8 6.7147109e-005-2.1174908e-016              0              0     1.884e-005
  16.8 7.1285504e-005-2.1903722e-016              0              0     1.884e-005
  16.9  7.355812e-005 -2.230696e-016              0              0     1.884e-005
  16.9 7.3343212e-005-2.2268728e-016              0              0     1.884e-005
    17 7.0702894e-005 -2.180071e-016              0              0     1.884e-005
    17 6.6343879e-005 -2.103418e-016              0              0     1.884e-005
  17.1 6.1214462e-005-2.0140249e-016              0              0     1.884e-005
  17.1  5.611408e-005-1.9258228e-016              0              0     1.884e-005
  17.2 5.1546772e-005-1.8472941e-016              0              0     1.884e-005
  17.2 4.7762511e-005-1.7824878e-016             -0              0     1.884e-005
  17.3 4.4853459e-005-1.7328004e-016             -0              0     1.884e-005
  17.3 4.2834052e-005-1.6983652e-016             -0              0     1.884e-005
  17.4 4.1690829e-005-1.6788893e-016             -0              0     1.884e-005
  17.4 4.1408912e-005-1.6740885e-016             -0              0     1.884e-005
  17.5 4.1983902e-005-1.6838809e-016             -0              0     1.884e-005
  17.5 4.3424472e-005-1.7084287e-016             -0             -0     1.884e-005
  17.6 4.5746937e-005-1.7480504e-016              0             -0     1.884e-005
  17.6 4.8959176e-005-1.8029586e-016              0             -0     1.884e-005
  17.7 5.3027262e-005-1.8727082e-016              0             -0     1.884e-005
  17.7 5.7815618e-005 -1.955182e-016              0             -0     1.884e-005
  17.8 6.2997789e-005-2.0450166e-016              0             -0     1.884e-005
  17.8 6.7967061e-005-2.1318797e-016              0              0     1.884e-005
  17.9 7.1843425e-005-2.2002503e-016              0              0     1.884e-005
  17.9 7.3708497e-005-2.2333725e-016              0              0     1.884e-005
    18 7.3042166e-005-2.2215207e-016              0              0     1.884e-005
    18 7.0036258e-005-2.1683014e-016              0              0     1.884e-005
  18.1 6.5473914e-005-2.0882002e-016              0              0     1.884e-005
  18.1 6.0299696e-005-1.9981602e-016              0              0     1.884e-005
  18.2 5.5264699e-005-1.9111895e-016              0              0     1.884e-005
  18.2 5.0822364e-005-1.8348719e-016              0              0     1.884e-005
  18.3  4.718799e-005-1.7726665e-016              0              0     1.884e-005
  18.3 4.4435193e-005-1.7256645e-016             -0              0     1.884e-005
  18.4 4.2570702e-005-1.6938777e-016             -0              0     1.884e-005
  18.4 4.1579402e-005-1.6769917e-016             -0              0     1.884e-005
  18.5 4.1447703e-005 -1.674749e-016             -0              0     1.884e-005
  18.5 4.2173533e-005-1.6871111e-016             -0              0     1.884e-005
  18.6 4.3767543e-005-1.7142778e-016             -0              0     1.884e-005
  18.6 4.6246113e-005-1.7565744e-016              0             -0     1.884e-005
  18.7  4.961283e-005-1.8141488e-016              0             -0     1.884e-005
  18.7 5.3821152e-005-1.8863517e-016              0             -0     1.884e-005
  18.8 5.8709153e-005-1.9706249e-016              0             -0     1.884e-005
  18.8 6.3906658e-005-2.0608459e-016              0             -0     1.884e-005
  18.9 6.8753581e-005-2.1457048e-016              0              0     1.884e-005
  18.9 7.2338456e-005-2.2090263e-016              0              0     1.884e-005
    19 7.3779073e-005-2.2346291e-016              0              0     1.884e-005
    19 7.2667574e-005 -2.214867e-016              0              0     1.884e-005
  19.1 6.9321392e-005-2.1556999e-016              0              0     1.884e-005
  19.1 6.4585709e-005-2.0726885e-016              0              0     1.884e-005
  19.2 5.9390004e-005-1.9824043e-016              0              0     1.884e-005
  19.2 5.4434146e-005-1.8968941e-016              0              0     1.884e-005
  19.3 5.0123148e-005-1.8228894e-016              0              0     1.884e-005
  19.3  4.664074e-005-1.7633153e-016              0              0     1.884e-005
  19.4 4.4044297e-005-1.7189972e-016             -0              0     1.884e-005
  19.4   4.23342e-005-1.6898482e-016             -0              0     1.884e-005
  19.5 4.1494383e-005-1.6755439e-016             -0              0     1.884e-005
  19.5 4.1512835e-005-1.6758581e-016             -0              0     1.884e-005
  19.6 4.2389849e-005-1.6907963e-016             -0              0     1.884e-005
  19.6 4.4137846e-005-1.7205927e-016             -0              0     1.884e-005
  19.7  4.677272e-005-1.7655702e-016             -0             -0     1.884e-005
  19.7 5.0292646e-005-1.8257934e-016              0             -0     1.884e-005
  19.8 5.4636463e-005-1.9003752e-016              0             -0     1.884e-005
  19.8 5.9612964e-005-1.9862641e-016              0             -0     1.884e-005
  19.9 6.4805459e-005-2.0765239e-016              0             -0     1.884e-005
  19.9 6.9501289e-005-2.1588692e-016              0             -0     1.884e-005
    20 7.2766291e-005-2.2166198e-016              0              0     1.884e-005
    20 7.3769172e-005-2.2344528e-016              0              0     1.884e-005
  20.1 7.2222848e-005-2.2069758e-016              0              0     1.884e-005
  20.1 6.8563644e-005-2.1423641e-016              0              0     1.884e-005
  20.2 6.3684021e-005-2.0569661e-016              0              0     1.884e-005
  20.2 5.8488465e-005-1.9668091e-016              0              0     1.884e-005
  20.3 5.3623978e-005-1.8829621e-016              0              0     1.884e-005
  20.3  4.944972e-005-1.8113558e-016              0              0     1.884e-005
  20.4  4.612087e-005-1.7544355e-016              0              0     1.884e-005
  20.4 4.3680695e-005 -1.712797e-016              0              0     1.884e-005
  20.5 4.2124452e-005 -1.686275e-016             -0              0     1.884e-005
  20.5 4.1435728e-005-1.6745451e-016             -0              0     1.884e-005
  20.6 4.1604341e-005-1.6774164e-016             -0              0     1.884e-005
  20.6 4.2632941e-005-1.6949382e-016             -0              0     1.884e-005
  20.7 4.4535464e-005 -1.727375e-016             -0              0     1.884e-005
  20.7 4.7326686e-005-1.7750371e-016             -0             -0     1.884e-005
  20.8 5.0998114e-005-1.8378849e-016              0             -0     1.884e-005
  20.8 5.5471797e-005-1.9147561e-016              0             -0     1.884e-005
  20.9 6.0524201e-005-2.0020518e-016              0             -0     1.884e-005
  20.9 6.5689631e-005-2.0919713e-016              0             -0     1.884e-005
    21 7.0204791e-005-2.1712752e-016              0             -0     1.884e-005
    21 7.3123099e-005-2.2229591e-016              0              0     1.884e-005
  21.1 7.3678889e-005-2.2328455e-016              0              0     1.884e-005
  21.1 7.1711942e-005-2.1979212e-016              0              0     1.884e-005
  21.2 6.7768409e-005-2.1283915e-016              0              0     1.884e-005
  21.2 6.2773344e-005-2.0411113e-016              0              0     1.884e-005
  21.3 5.7597859e-005-1.9514212e-016              0              0     1.884e-005
  21.3 5.2835545e-005-1.8694151e-016              0              0     1.884e-005
  21.4 4.8802561e-005-1.8002783e-016              0              0     1.884e-005
  21.4 4.5628444e-005-1.7460274e-016              0              0     1.884e-005
  21.5 4.3344304e-005-1.7070621e-016              0              0     1.884e-005
  21.5 4.1941366e-005-1.6831564e-016             -0              0     1.884e-005
  21.6 4.1403407e-005-1.6739947e-016             -0              0     1.884e-005
  21.6 4.1722267e-005-1.6794247e-016             -0              0     1.884e-005
  21.7 4.2902906e-005-1.6995386e-016             -0              0     1.884e-005
  21.7 4.4960466e-005-1.7346263e-016             -0              0     1.884e-005
  21.8 4.7907886e-005-1.7849736e-016             -0              0     1.884e-005
  21.8 5.1728609e-005-1.8504135e-016              0             -0     1.884e-005
  21.9 5.6325541e-005-1.9294682e-016              0             -0     1.884e-005
  21.9 6.1439708e-005-2.0179346e-016              0             -0     1.884e-005
    22 6.6554358e-005-2.1071035e-016              0             -0     1.884e-005
    22 7.0858767e-005-2.1828256e-016              0             -0     1.884e-005
  22.1 7.3405615e-005-2.2279827e-016              0              0     1.884e-005
  22.1 7.3509088e-005-2.2298235e-016              0              0     1.884e-005
  22.2  7.113927e-005-2.1877853e-016              0              0     1.884e-005
  22.2 6.6941057e-005-2.1138786e-016              0              0     1.884e-005
  22.3 6.1857888e-005-2.0251968e-016              0              0     1.884e-005
  22.3 5.6720675e-005-1.9362823e-016              0              0     1.884e-005
  22.4 5.2070002e-005-1.8562717e-016              0              0     1.884e-005
  22.4 4.8182051e-005-1.7896624e-016              0              0     1.884e-005
  22.5  4.516348e-005-1.7380908e-016              0              0     1.884e-005
  22.5 4.3035028e-005-1.7017904e-016              0              0     1.884e-005
  22.6 4.1784861e-005-1.6804907e-016             -0              0     1.884e-005
  22.6 4.1397404e-005-1.6738925e-016             -0              0     1.884e-005
  22.7  4.186667e-005-1.6818841e-016             -0              0     1.884e-005
  22.7 4.3199843e-005-1.7045996e-016             -0              0     1.884e-005
  22.8 4.5412903e-005-1.7423479e-016             -0              0     1.884e-005
  22.8 4.8516135e-005-1.7953774e-016             -0              0     1.884e-005
  22.9 5.2483372e-005-1.8633675e-016             -0             -0     1.884e-005
  22.9 5.7195849e-005-1.9444811e-016              0             -0     1.884e-005
    23 6.2356028e-005-2.0338537e-016              0             -0     1.884e-005
    23 6.7394602e-005-2.1218314e-016              0             -0     1.884e-005
  23.1 7.1458048e-005-2.1934257e-016              0             -0     1.884e-005
  23.1 7.3611202e-005-2.2316407e-016              0              0     1.884e-005
  23.2 7.3261383e-005-2.2254176e-016              0              0     1.884e-005
  23.2  7.050962e-005-2.1766569e-016              0              0     1.884e-005
  23.3 6.6086863e-005-2.0989196e-016              0              0     1.884e-005
  23.3 6.0941562e-005-2.0092898e-016              0              0     1.884e-005
  23.4  5.585913e-005 -1.921429e-016              0              0     1.884e-005
  23.4 5.1328332e-005-1.8435474e-016              0              0     1.884e-005
  23.5 4.7588483e-005-1.7795124e-016              0              0     1.884e-005
  23.5 4.4725966e-005 -1.730625e-016              0              0     1.884e-005
  23.6  4.275277e-005-1.6969801e-016              0              0     1.884e-005
  23.6 4.1654863e-005-1.6782768e-016              0              0     1.884e-005
  23.7 4.1417717e-005-1.6742384e-016             -0              0     1.884e-005
  23.7 4.2037619e-005-1.6847959e-016             -0              0     1.884e-005
  23.8 4.3523851e-005-1.7101229e-016             -0              0     1.884e-005
  23.8   4.58928e-005-1.7505408e-016             -0              0     1.884e-005
  23.9 4.9151177e-005-1.8062449e-016             -0              0     1.884e-005
  23.9 5.3261495e-005-1.8767325e-016             -0             -0     1.884e-005
    24 5.8080624e-005-1.9597602e-016              0             -0     1.884e-005
    24  6.326939e-005-2.0497444e-016              0             -0     1.884e-005
  24.1 6.8205152e-005-2.1360624e-016              0             -0     1.884e-005
  24.1 7.1997706e-005-2.2029843e-016              0             -0     1.884e-005
  24.2 7.3737918e-005-2.2338963e-016              0              0     1.884e-005
  24.2 7.2938101e-005-2.2196716e-016              0              0     1.884e-005
  24.3  6.982806e-005-2.1646292e-016              0              0     1.884e-005
  24.3 6.5210952e-005-2.0836052e-016              0              0     1.884e-005
  24.4 6.0027967e-005-1.9934517e-016              0              0     1.884e-005
  24.4 5.5015183e-005-1.9068935e-016              0              0     1.884e-005
  24.5 5.0611361e-005-1.8312551e-016              0              0     1.884e-005
  24.5 4.7022073e-005 -1.769831e-016              0              0     1.884e-005
  24.6 4.4315862e-005-1.7236289e-016              0              0     1.884e-005
  24.6  4.249743e-005-1.6926292e-016              0              0     1.884e-005
  24.7  4.155131e-005-1.6765133e-016              0              0     1.884e-005
  24.7 4.1464354e-005-1.6750325e-016             -0              0     1.884e-005
  24.8 4.2235192e-005-1.6881615e-016             -0              0     1.884e-005
  24.8 4.3875027e-005-1.7161106e-016             -0              0     1.884e-005
  24.9 4.6400154e-005-1.7592055e-016             -0              0     1.884e-005
  24.9 4.9812673e-005-1.8175712e-016             -0              0     1.884e-005
    25 5.4061902e-005-1.8904913e-016             -0              0     1.884e-005
    25 5.8977502e-005-1.9752663e-016              0             -0     1.884e-005
  25.1 6.4175719e-005-2.0655366e-016              0             -0     1.884e-005
  25.1 6.8980673e-005-2.1497008e-016              0             -0     1.884e-005
  25.2 7.2473146e-005 -2.211416e-016              0             -0     1.884e-005
  25.2 7.3784551e-005-2.2347266e-016              0             -0     1.884e-005
  25.3 7.2542229e-005 -2.212642e-016              0              0     1.884e-005
  25.3 6.9099854e-005-2.1517988e-016              0              0     1.884e-005
  25.4 6.4318243e-005-2.0680222e-016              0              0     1.884e-005
  25.4 5.9120397e-005-1.9777385e-016              0              0     1.884e-005
  25.5 5.4190551e-005-1.8927039e-016              0              0     1.884e-005
  25.5 4.9919772e-005-1.8194056e-016              0              0     1.884e-005
  25.6 4.6482972e-005-1.7606201e-016              0              0     1.884e-005
  25.6 4.3933107e-005 -1.717101e-016              0              0     1.884e-005
  25.7  4.226891e-005-1.6887359e-016              0              0     1.884e-005
  25.7  4.147415e-005-1.6751993e-016              0              0     1.884e-005
  25.8  4.153734e-005-1.6762754e-016             -0              0     1.884e-005
  25.8 4.2459476e-005-1.6919826e-016             -0              0     1.884e-005
  25.9  4.425346e-005-1.7225646e-016             -0              0     1.884e-005
  25.9 4.6934923e-005-1.7683417e-016             -0              0     1.884e-005
    26 5.0500191e-005-1.8293499e-016             -0              0     1.884e-005
    26 5.4883334e-005-1.9046239e-016             -0              0     1.884e-005
  26.1 5.9883837e-005 -1.990955e-016             -0             -0     1.884e-005
  26.1 6.5070651e-005-2.0811545e-016              0             -0     1.884e-005
  26.2 6.9715771e-005-2.1626494e-016              0             -0     1.884e-005
  26.2 7.2880193e-005-2.2186429e-016              0             -0     1.884e-005
  26.3 7.3750654e-005-2.2341231e-016              0             -0     1.884e-005
  26.3 7.2077348e-005 -2.204396e-016              0              0     1.884e-005
  26.4 6.8330372e-005 -2.138263e-016              0              0     1.884e-005
  26.4 6.3413419e-005-2.0522524e-016              0              0     1.884e-005
  26.5 5.8221838e-005-1.9622004e-016              0              0     1.884e-005
  26.5 5.3386727e-005-1.8788845e-016              0              0     1.884e-005
  26.6 4.9254125e-005-1.8080072e-016              0              0     1.884e-005
  26.6 4.5971275e-005-1.7518808e-016              0              0     1.884e-005
  26.7 4.3577622e-005-1.7110397e-016              0              0     1.884e-005
  26.7 4.2067115e-005-1.6852983e-016              0              0     1.884e-005
  26.8 4.1423344e-005-1.6743342e-016              0              0     1.884e-005
  26.8 4.1636713e-005-1.6779677e-016              0              0     1.884e-005
  26.9 4.2710565e-005-1.6962609e-016             -0              0     1.884e-005
  26.9 4.4659231e-005-1.7294865e-016             -0              0     1.884e-005
    27 4.7497019e-005-1.7779487e-016             -0              0     1.884e-005
    27 5.1213187e-005-1.8415727e-016             -0              0     1.884e-005
  27.1 5.5724333e-005-1.9191064e-016             -0              0     1.884e-005
  27.1  6.079669e-005-2.0067768e-016             -0             -0     1.884e-005
  27.2 6.5949543e-005 -2.096517e-016              0             -0     1.884e-005
  27.2 7.0405068e-005-2.1748106e-016              0             -0     1.884e-005
  27.3  7.321518e-005-2.2245961e-016              0             -0     1.884e-005
  27.3 7.3636553e-005-2.2320919e-016              0             -0     1.884e-005
  27.4 7.1547558e-005-2.1950102e-016              0              0     1.884e-005
  27.4 6.7525009e-005-2.1241194e-016              0              0     1.884e-005
  27.5 6.2500891e-005-2.0363725e-016              0              0     1.884e-005
  27.5 5.7334983e-005-1.9468826e-016              0              0     1.884e-005
  27.6 5.2605002e-005-1.8654559e-016              0              0     1.884e-005
  27.6 4.8614871e-005-1.7970667e-016              0              0     1.884e-005
  27.7  4.548703e-005-1.7436133e-016              0              0     1.884e-005
  27.7  4.324932e-005-1.7054429e-016              0              0     1.884e-005
  27.8 4.1891957e-005-1.6823148e-016              0              0     1.884e-005
  27.8 4.1398866e-005-1.6739174e-016              0              0     1.884e-005
  27.9 4.1762521e-005-1.6801103e-016              0              0     1.884e-005
  27.9 4.2988556e-005-1.7009983e-016             -0              0     1.884e-005
    28 4.5092403e-005-1.7368778e-016             -0              0     1.884e-005
    28 4.8086301e-005-1.7880248e-016             -0              0     1.884e-005
  28.1 5.1950999e-005-1.8542294e-016             -0              0     1.884e-005
  28.1 5.6583216e-005-1.9339114e-016             -0              0     1.884e-005
  28.2 6.1712815e-005-2.0226769e-016             -0              0     1.884e-005
  28.2 6.6807511e-005-2.1115382e-016              0             -0     1.884e-005
  28.3 7.1043278e-005-2.1860877e-016              0             -0     1.884e-005
  28.3 7.3475019e-005-2.2292174e-016              0             -0     1.884e-005
  28.4 7.3443337e-005-2.2286537e-016              0             -0     1.884e-005
  28.4 7.0957394e-005-2.1845691e-016              0              0     1.884e-005
  28.5 6.6689113e-005-2.1094639e-016              0              0     1.884e-005
  28.5 6.1584781e-005-2.0204534e-016              0              0     1.884e-005
  28.6 5.6462239e-005-1.9318252e-016              0              0     1.884e-005
  28.6 5.1846477e-005-1.8524359e-016              0              0     1.884e-005
  28.7 4.8002362e-005-1.7865892e-016              0              0     1.884e-005
  28.7 4.5030248e-005-1.7358171e-016              0              0     1.884e-005
  28.8 4.2948105e-005-1.7003089e-016              0              0     1.884e-005
  28.8 4.1743357e-005-1.6797839e-016              0              0     1.884e-005
  28.9 4.1400704e-005-1.6739487e-016              0              0     1.884e-005
  28.9 4.1914826e-005-1.6827043e-016              0              0     1.884e-005
    29 4.3293548e-005-1.7061969e-016             -0              0     1.884e-005
    29 4.5553021e-005-1.7447398e-016             -0              0     1.884e-005
  29.1 4.8702564e-005-1.7985672e-016             -0              0     1.884e-005
  29.1 5.2712824e-005-1.8673075e-016             -0              0     1.884e-005
  29.2 5.7458066e-005-1.9490075e-016             -0              0     1.884e-005
  29.2 6.2628662e-005-2.0385945e-016             -0              0     1.884e-005
  29.3 6.7639459e-005-2.1261279e-016              0             -0     1.884e-005
  29.3 7.1625296e-005-2.1963867e-016              0             -0     1.884e-005
  29.4 7.3657277e-005-2.2324608e-016              0             -0     1.884e-005
  29.4 7.3172839e-005-2.2238433e-016              0             -0     1.884e-005
  29.5 7.0311736e-005-2.1731628e-016              0              0     1.884e-005
  29.5 6.5827921e-005-2.0943896e-016              0              0     1.884e-005
  29.6 6.0668906e-005-2.0045608e-016              0              0     1.884e-005
  29.6 5.5605745e-005-1.9170634e-016              0              0     1.884e-005
  29.7 5.1112086e-005-1.8398391e-016              0              0     1.884e-005
  29.7 4.7416867e-005-1.7765786e-016              0              0     1.884e-005
  29.8 4.4600907e-005-1.7284914e-016              0              0     1.884e-005
  29.8 4.2673878e-005-1.6956357e-016              0              0     1.884e-005
  29.9 4.1621245e-005-1.6777043e-016              0              0     1.884e-005
  29.9 4.1428858e-005-1.6744281e-016              0              0     1.884e-005
    30 4.2093699e-005-1.6857511e-016              0              0     1.884e-005
    30 4.3625642e-005-1.7118584e-016              0              0     1.884e-005
  30.1 4.6041101e-005-1.7530732e-016             -0              0     1.884e-005
  30.1 4.9345528e-005 -1.809572e-016             -0              0     1.884e-005
  30.2 5.3497707e-005-1.8807917e-016             -0              0     1.884e-005
  30.2 5.8346706e-005-1.9643586e-016             -0              0     1.884e-005
  30.3 6.3540368e-005-2.0544635e-016             -0              0     1.884e-005
  30.3 6.8440134e-005-2.1401924e-016             -0             -0     1.884e-005
  30.4 7.2146282e-005-2.2056181e-016              0             -0     1.884e-005
  30.4 7.3760223e-005-2.2342935e-016              0             -0     1.884e-005
  30.5 7.2827588e-005-2.2177085e-016              0             -0     1.884e-005
  30.5  6.961572e-005-2.1608858e-016              0             -0     1.884e-005
  30.6   6.49465e-005-2.0789864e-016              0              0     1.884e-005
  30.6 5.9756776e-005-1.9887544e-016              0              0     1.884e-005
  30.7 5.4767383e-005-1.9026282e-016              0              0     1.884e-005
  30.7 5.0402612e-005-1.8276777e-016              0              0     1.884e-005
  30.8  4.685858e-005-1.7670372e-016              0              0     1.884e-005
  30.8 4.4198959e-005 -1.721635e-016              0              0     1.884e-005
  30.9 4.2426539e-005-1.6914214e-016              0              0     1.884e-005
  30.9 4.1525561e-005-1.6760748e-016              0              0     1.884e-005
    31 4.1483344e-005-1.6753559e-016              0              0     1.884e-005
    31 4.2299222e-005-1.6892523e-016              0              0     1.884e-005
  31.1  4.398493e-005-1.7179848e-016              0              0     1.884e-005
  31.1  4.655663e-005-1.7618784e-016             -0              0     1.884e-005
  31.2 5.0014827e-005-1.8210338e-016             -0              0     1.884e-005
  31.2 5.4304519e-005-1.8946642e-016             -0              0     1.884e-005
  31.3 5.9246692e-005-1.9799239e-016             -0              0     1.884e-005
  31.3 6.4443771e-005-2.0702119e-016             -0              0     1.884e-005
  31.4 6.9204175e-005-2.1536356e-016             -0             -0     1.884e-005
  31.4 7.2601759e-005-2.2136986e-016              0             -0     1.884e-005
  31.5 7.3782874e-005-2.2346968e-016              0             -0     1.884e-005
  31.5 7.2410754e-005-2.2103089e-016              0             -0     1.884e-005
  31.6 6.8874651e-005 -2.147835e-016              0             -0     1.884e-005
  31.6 6.4049703e-005-2.0633394e-016              0              0     1.884e-005
  31.7 5.8851592e-005-1.9730883e-016              0              0     1.884e-005
  31.7 5.3948804e-005-1.8885465e-016              0              0     1.884e-005
  31.8 4.9718699e-005-1.8159618e-016              0              0     1.884e-005
  31.8 4.6327637e-005-1.7579668e-016              0              0     1.884e-005
  31.9 4.3824338e-005-1.7152463e-016              0              0     1.884e-005
  31.9 4.2205991e-005 -1.687664e-016              0              0     1.884e-005
    32 4.1456257e-005-1.6748947e-016              0              0     1.884e-005
    32 4.1564188e-005-1.6767326e-016              0              0     1.884e-005
  32.1 4.2531483e-005-1.6932094e-016              0              0     1.884e-005
  32.1 4.4371502e-005 -1.724578e-016              0              0     1.884e-005
  32.2 4.7099553e-005-1.7711551e-016             -0              0     1.884e-005
  32.2 5.0709998e-005-1.8329458e-016             -0              0     1.884e-005
  32.3 5.5131944e-005-1.9089036e-016             -0              0     1.884e-005
  32.3 6.0155291e-005-1.9956577e-016             -0              0     1.884e-005
  32.4  6.533442e-005-2.0857624e-016             -0              0     1.884e-005
  32.4 6.9926186e-005-2.1663598e-016             -0              0     1.884e-005
  32.5 7.2987694e-005-2.2205528e-016              0             -0     1.884e-005
  32.5  7.372501e-005-2.2336665e-016              0             -0     1.884e-005
  32.6 7.1926082e-005-2.2017149e-016              0             -0     1.884e-005
  32.6 6.8093914e-005-2.1341079e-016              0             -0     1.884e-005
  32.7 6.3142135e-005 -2.047529e-016              0              0     1.884e-005
  32.7 5.7956252e-005-1.9576114e-016              0              0     1.884e-005
  32.8 5.3151439e-005-1.8748415e-016              0              0     1.884e-005
  32.8 4.9060875e-005-1.8046992e-016              0              0     1.884e-005
  32.9 4.5824117e-005-1.7493681e-016              0              0     1.884e-005
  32.9 4.3476962e-005-1.7093235e-016              0              0     1.884e-005
    33 4.2012142e-005-1.6843619e-016              0              0     1.884e-005
    33 4.1413298e-005-1.6741631e-016              0              0     1.884e-005
  33.1 4.1671431e-005-1.6785589e-016              0              0     1.884e-005
  33.1 4.2790577e-005-1.6976244e-016              0              0     1.884e-005
  33.2 4.4785431e-005-1.7316396e-016              0              0     1.884e-005
  33.2 4.7669766e-005 -1.780902e-016              0              0     1.884e-005
  33.3 5.1430464e-005-1.8452991e-016             -0              0     1.884e-005
  33.3 5.5978458e-005-1.9234853e-016             -0              0     1.884e-005
  33.4 6.1069472e-005-2.0115089e-016             -0              0     1.884e-005
  33.4 6.6207599e-005-2.1010325e-016             -0              0     1.884e-005
  33.5 7.0600808e-005-2.1782675e-016             -0              0     1.884e-005
  33.5 7.3300584e-005-2.2261147e-016              0             -0     1.884e-005
  33.6 7.3587188e-005-2.2312133e-016              0             -0     1.884e-005
  33.6 7.1377812e-005-2.1920056e-016              0             -0     1.884e-005
  33.7 6.7278898e-005-2.1198019e-016              0             -0     1.884e-005
  33.7 6.2228122e-005-2.0316302e-016              0              0     1.884e-005
  33.8 5.7073362e-005-1.9423672e-016              0              0     1.884e-005
  33.8 5.2376519e-005 -1.861533e-016              0              0     1.884e-005
  33.9 4.8429557e-005-1.7938962e-016              0              0     1.884e-005
  33.9 4.5348055e-005-1.7412411e-016              0              0     1.884e-005
    34 4.3156741e-005-1.7038649e-016              0              0     1.884e-005
    34 4.1844906e-005-1.6815134e-016              0              0     1.884e-005
  34.1 4.1396662e-005-1.6738799e-016              0              0     1.884e-005
  34.1 4.1805128e-005-1.6808359e-016              0              0     1.884e-005
  34.2 4.3076603e-005 -1.702499e-016              0              0     1.884e-005
  34.2 4.5226777e-005-1.7391711e-016              0              0     1.884e-005
  34.3 4.8267112e-005-1.7911174e-016              0              0     1.884e-005
  34.3 5.2175522e-005-1.8580827e-016             -0              0     1.884e-005
  34.4  5.684231e-005-1.9383806e-016             -0              0     1.884e-005
  34.4   6.19859e-005-2.0274208e-016             -0              0     1.884e-005
  34.5 6.7058355e-005-2.1159347e-016             -0              0     1.884e-005
  34.5 7.1222799e-005-2.1892628e-016             -0              0     1.884e-005
  34.6 7.3537531e-005-2.2303296e-016              0             -0     1.884e-005
  34.6 7.3370721e-005 -2.227362e-016              0             -0     1.884e-005
  34.7 7.0770589e-005-2.1812672e-016              0             -0     1.884e-005
  34.7 6.6434924e-005 -2.105012e-016              0             -0     1.884e-005
  34.8 6.1311697e-005-2.0157125e-016              0              0     1.884e-005
  34.8 5.6205248e-005-1.9273943e-016              0              0     1.884e-005
  34.9 5.1625095e-005-1.8486377e-016              0              0     1.884e-005
  34.9 4.7825072e-005-1.7835575e-016              0              0     1.884e-005
    35 4.4899453e-005-1.7335852e-016              0              0     1.884e-005
    35 4.2863578e-005-1.6988684e-016              0              0     1.884e-005
  35.1 4.1704205e-005-1.6791171e-016              0              0     1.884e-005
  35.1  4.140634e-005-1.6740447e-016              0              0     1.884e-005
  35.2 4.1965341e-005-1.6835647e-016              0              0     1.884e-005
  35.2  4.338966e-005-1.7078352e-016              0              0     1.884e-005
  35.3 4.5695577e-005-1.7471735e-016              0              0     1.884e-005
  35.3 4.8891364e-005 -1.801798e-016              0              0     1.884e-005
  35.4 5.2944324e-005-1.8712835e-016             -0              0     1.884e-005
  35.4 5.7721509e-005-1.9535566e-016             -0              0     1.884e-005
  35.5  6.290093e-005-2.0433311e-016             -0              0     1.884e-005
  35.5 6.7881541e-005-2.1303778e-016             -0              0     1.884e-005
  35.6 7.1787123e-005-2.1992529e-016             -0              0     1.884e-005
  35.6 7.3696305e-005-2.2331555e-016              0             -0     1.884e-005
  35.7 7.3077655e-005-2.2221514e-016              0             -0     1.884e-005
  35.7  7.010938e-005-2.1695915e-016              0             -0     1.884e-005
  35.8 6.5567184e-005-2.0898306e-016              0             -0     1.884e-005
  35.8 6.0396585e-005-1.9998395e-016              0             -0     1.884e-005
  35.9  5.535397e-005-1.9127268e-016              0              0     1.884e-005
  35.9 5.0898053e-005-1.8361694e-016              0              0     1.884e-005
    36 4.7247666e-005-1.7736864e-016              0              0     1.884e-005
    36  4.447828e-005-1.7263995e-016              0              0     1.884e-005
  36.1 4.2597373e-005-1.6943321e-016              0              0     1.884e-005
  36.1 4.1589973e-005-1.6771717e-016              0              0     1.884e-005
  36.2 4.1442338e-005-1.6746576e-016              0              0     1.884e-005
  36.2 4.2152146e-005-1.6867468e-016              0              0     1.884e-005
  36.3 4.3729847e-005-1.7136351e-016              0              0     1.884e-005
  36.3 4.6191839e-005-1.7556475e-016              0              0     1.884e-005
  36.4 4.9542217e-005-1.8129396e-016              0              0     1.884e-005
  36.4 5.3735867e-005-1.8848855e-016              0              0     1.884e-005
  36.5 5.8613798e-005 -1.968976e-016             -0              0     1.884e-005
  36.5 6.3810611e-005-2.0591719e-016             -0              0     1.884e-005
  36.6 6.8671864e-005-2.1442673e-016             -0              0     1.884e-005
  36.6  7.228904e-005-2.2081498e-016             -0              0     1.884e-005
  36.7 7.3775395e-005-2.2345636e-016             -0              0     1.884e-005
  36.7 7.2710715e-005 -2.215633e-016              0             -0     1.884e-005
  36.8  6.939938e-005-2.1570737e-016              0             -0     1.884e-005
  36.8 6.4680684e-005 -2.074346e-016              0             -0     1.884e-005
  36.9 5.9486203e-005-1.9840695e-016              0             -0     1.884e-005
  36.9 5.4521341e-005-1.8983943e-016              0              0     1.884e-005
    37 5.0196133e-005-1.8241399e-016              0              0     1.884e-005
    37 4.6697516e-005-1.7642853e-016              0              0     1.884e-005
  37.1 4.4084482e-005-1.7196826e-016              0              0     1.884e-005
  37.1 4.2358027e-005-1.6902541e-016              0              0     1.884e-005
  37.2 4.1502154e-005-1.6756762e-016              0              0     1.884e-005
  37.2 4.1504674e-005-1.6757191e-016              0              0     1.884e-005
  37.3 4.2365626e-005-1.6903836e-016              0              0     1.884e-005
  37.3 4.4097256e-005-1.7199004e-016              0              0     1.884e-005
  37.4 4.6715538e-005-1.7645932e-016              0              0     1.884e-005
  37.4 5.0219279e-005-1.8245364e-016              0              0     1.884e-005
  37.5 5.4548968e-005-1.8988697e-016              0              0     1.884e-005
  37.5 5.9516649e-005-1.9845966e-016             -0              0     1.884e-005
  37.6 6.4710692e-005-2.0748697e-016             -0              0     1.884e-005
  37.6 6.9423946e-005-2.1575065e-016             -0              0     1.884e-005
  37.6 7.2724196e-005-2.2158723e-016             -0              0     1.884e-005
  37.7 7.3774043e-005-2.2345395e-016             -0              0     1.884e-005
  37.7 7.2273253e-005-2.2078698e-016              0             -0     1.884e-005
  37.8 6.8645927e-005-2.1438112e-016              0             -0     1.884e-005
  37.8 6.3780209e-005-2.0586421e-016              0             -0     1.884e-005
  37.9 5.8583663e-005-1.9684549e-016              0             -0     1.884e-005
  37.9 5.3708943e-005-1.8844226e-016              0              0     1.884e-005
    38 4.9519944e-005-1.8125582e-016              0              0     1.884e-005
    38 4.6174737e-005-1.7553554e-016              0              0     1.884e-005
  38.1 4.3717988e-005-1.7134329e-016              0              0     1.884e-005
  38.1 4.2145444e-005-1.6866326e-016              0              0     1.884e-005
  38.2 4.1440703e-005-1.6746298e-016              0              0     1.884e-005
  38.2 4.1593379e-005-1.6772297e-016              0              0     1.884e-005
  38.3 4.2605872e-005-1.6944769e-016              0              0     1.884e-005
  38.3 4.4491972e-005 -1.726633e-016              0              0     1.884e-005
  38.4 4.7266605e-005-1.7740101e-016              0              0     1.884e-005
  38.4 5.0922052e-005-1.8365809e-016              0              0     1.884e-005
  38.5  5.538225e-005-1.9132138e-016              0              0     1.884e-005
  38.5 6.0427242e-005-2.0003709e-016             -0              0     1.884e-005
  38.6 6.5596641e-005-2.0903455e-016             -0              0     1.884e-005
  38.6 7.0132394e-005-2.1699976e-016             -0              0     1.884e-005
  38.7 7.3088707e-005-2.2223478e-016             -0              0     1.884e-005
  38.7 7.3692262e-005-2.2330835e-016             -0              0     1.884e-005
  38.8 7.1769168e-005-2.1989348e-016              0             -0     1.884e-005
  38.8 6.7854414e-005-2.1299015e-016              0             -0     1.884e-005
  38.9 6.2870281e-005-2.0427978e-016              0             -0     1.884e-005
  38.9 5.7691773e-005 -1.953043e-016              0             -0     1.884e-005
    39 5.2918145e-005-1.8708338e-016              0             -0     1.884e-005
    39 4.8869978e-005 -1.801432e-016              0              0     1.884e-005
  39.1 4.5679396e-005-1.7468972e-016              0              0     1.884e-005
  39.1 4.3378713e-005-1.7076486e-016              0              0     1.884e-005
  39.2 4.1959533e-005-1.6834658e-016              0              0     1.884e-005
  39.2 4.1405589e-005-1.6740319e-016              0              0     1.884e-005
  39.3 4.1708498e-005-1.6791902e-016              0              0     1.884e-005
  39.3  4.287298e-005-1.6990286e-016              0              0     1.884e-005
  39.4 4.4914065e-005-1.7338345e-016              0              0     1.884e-005
  39.4 4.7844923e-005-1.7838969e-016              0              0     1.884e-005
  39.5 5.1649925e-005-1.8490636e-016              0              0     1.884e-005
  39.5 5.6234124e-005-1.9278921e-016              0              0     1.884e-005
  39.6 6.1342455e-005-2.0162464e-016              0              0     1.884e-005
  39.6 6.6463666e-005-2.1055153e-016             -0              0     1.884e-005
  39.7 7.0791874e-005-2.1816434e-016             -0              0     1.884e-005
  39.7 7.3379243e-005-2.2275136e-016             -0              0     1.884e-005
  39.8 7.3530836e-005-2.2302105e-016             -0              0     1.884e-005
  39.8  7.120283e-005-2.1889095e-016              0             -0     1.884e-005
  39.9 6.7030218e-005-2.1154414e-016              0             -0     1.884e-005
  39.9 6.1955141e-005-2.0268863e-016              0             -0     1.884e-005
    40 5.6813055e-005-1.9378759e-016              0             -0     1.884e-005
    40 5.2150124e-005-1.8576468e-016              0             -0     1.884e-005
  40.1 4.8246625e-005-1.7907669e-016              0              0     1.884e-005
  40.1 4.5211519e-005-1.7389107e-016              0              0     1.884e-005
  40.2 4.3066565e-005-1.7023279e-016              0              0     1.884e-005
  40.2 4.1800211e-005-1.6807522e-016              0              0     1.884e-005
  40.3 4.1396793e-005-1.6738821e-016              0              0     1.884e-005
  40.3 4.1850088e-005-1.6816017e-016              0              0     1.884e-005
  40.4  4.316705e-005-1.7040406e-016              0              0     1.884e-005
  40.4 4.5363589e-005-1.7415062e-016              0              0     1.884e-005
  40.5 4.8450313e-005-1.7942513e-016              0              0     1.884e-005
  40.5 5.2402153e-005-1.8619731e-016              0              0     1.884e-005
  40.6 5.7102769e-005-1.9428747e-016              0              0     1.884e-005
  40.6 6.2258862e-005-2.0321645e-016              0              0     1.884e-005
  40.7 6.7306753e-005-2.1202904e-016             -0              0     1.884e-005
  40.7 7.1397197e-005-2.1923487e-016             -0              0     1.884e-005
  40.8 7.3593099e-005-2.2313185e-016             -0              0     1.884e-005
  40.8   7.32913e-005-2.2259495e-016             -0              0     1.884e-005
  40.9 7.0578989e-005-2.1778821e-016              0              0     1.884e-005
  40.9 6.6178627e-005-2.1005254e-016              0             -0     1.884e-005
    41 6.1038732e-005-2.0109755e-016              0             -0     1.884e-005
    41 5.5949753e-005-1.9229906e-016              0             -0     1.884e-005
  41.1 5.1405879e-005-1.8448774e-016              0             -0     1.884e-005
  41.1 4.7650186e-005-1.7805673e-016              0              0     1.884e-005
  41.2 4.4771093e-005 -1.731395e-016              0              0     1.884e-005
  41.2 4.2781445e-005-1.6974687e-016              0              0     1.884e-005
  41.3 4.1667403e-005-1.6784903e-016              0              0     1.884e-005
  41.3 4.1414313e-005-1.6741804e-016              0              0     1.884e-005
  41.4 4.2018217e-005-1.6844654e-016              0              0     1.884e-005
  41.4 4.3488181e-005-1.7095148e-016              0              0     1.884e-005
  41.5 4.5840572e-005-1.7496491e-016              0              0     1.884e-005
  41.5 4.9082526e-005-1.8050698e-016              0              0     1.884e-005
  41.6 5.3177845e-005-1.8752952e-016              0              0     1.884e-005
  41.6 5.7986116e-005-1.9581273e-016              0              0     1.884e-005
  41.7 6.3172725e-005-2.0480615e-016              0              0     1.884e-005
  41.7 6.8120705e-005-2.1345786e-016             -0              0     1.884e-005
  41.8 7.1943407e-005-2.2020219e-016             -0              0     1.884e-005
  41.8 7.3728254e-005-2.2337243e-016             -0              0     1.884e-005
  41.9 7.2975907e-005-2.2203433e-016             -0              0     1.884e-005
  41.9 6.9902691e-005-2.1659454e-016             -0              0     1.884e-005
    42 6.5304783e-005-2.0852446e-016              0             -0     1.884e-005
    42 6.0124686e-005-1.9951274e-016              0             -0     1.884e-005
  42.1 5.5103853e-005  -1.90842e-016              0             -0     1.884e-005
  42.1 5.0686251e-005-1.8325387e-016              0             -0     1.884e-005
  42.2 4.7080886e-005-1.7708361e-016              0             -0     1.884e-005
  42.2 4.4358083e-005-1.7243491e-016              0              0     1.884e-005
  42.3 4.2523253e-005-1.6930692e-016              0              0     1.884e-005
  42.3 4.1561046e-005-1.6766791e-016              0              0     1.884e-005
  42.4 4.1458156e-005 -1.674927e-016              0              0     1.884e-005
  42.4 4.2212961e-005-1.6877828e-016              0              0     1.884e-005
  42.5 4.3836469e-005-1.7154531e-016              0              0     1.884e-005
  42.5 4.6345013e-005-1.7582636e-016              0              0     1.884e-005
  42.6 4.9741234e-005-1.8163477e-016              0              0     1.884e-005
  42.6 5.3975943e-005-1.8890132e-016              0              0     1.884e-005
  42.7  5.888183e-005-1.9736113e-016              0              0     1.884e-005
  42.7 6.4080003e-005-2.0638677e-016              0              0     1.884e-005
  42.8 6.8900199e-005-2.1482845e-016             -0              0     1.884e-005
  42.8 7.2425867e-005-2.2105771e-016             -0              0     1.884e-005
  42.9  7.378342e-005-2.2347065e-016             -0              0     1.884e-005
  42.9 7.2587578e-005-2.2134469e-016             -0              0     1.884e-005
    43 6.9179182e-005-2.1531955e-016             -0              0     1.884e-005
    43  6.441363e-005-2.0696861e-016              0             -0     1.884e-005
  43.1 5.9216329e-005-1.9793985e-016              0             -0     1.884e-005
  43.1 5.4277097e-005-1.8941925e-016              0             -0     1.884e-005
  43.2  4.999194e-005-1.8206418e-016              0             -0     1.884e-005
  43.2 4.6538882e-005-1.7615752e-016              0             -0     1.884e-005
  43.3 4.3972429e-005-1.7177716e-016              0              0     1.884e-005
  43.3 4.2291891e-005-1.6891274e-016              0              0     1.884e-005
  43.4 4.1481088e-005-1.6753175e-016              0              0     1.884e-005
  43.4 4.1528345e-005-1.6761222e-016              0              0     1.884e-005
  43.5 4.2434406e-005-1.6915554e-016              0              0     1.884e-005
  43.5 4.4212006e-005-1.7218575e-016              0              0     1.884e-005
  43.6 4.6876876e-005-1.7673499e-016              0              0     1.884e-005
  43.6 5.0426014e-005-1.8280787e-016              0              0     1.884e-005
  43.7  5.479521e-005-1.9031071e-016              0              0     1.884e-005
  43.7 5.9787296e-005-1.9892829e-016              0              0     1.884e-005
  43.8  6.497636e-005-2.0795078e-016              0              0     1.884e-005
  43.8 6.9639842e-005 -2.161311e-016              0              0     1.884e-005
  43.9 7.2840356e-005-2.2179353e-016             -0              0     1.884e-005
  43.9 7.3758067e-005-2.2342551e-016             -0              0     1.884e-005
    44 7.2129834e-005-2.2053265e-016             -0              0     1.884e-005
    44 6.8413824e-005-2.1397299e-016             -0              0     1.884e-005
  44.1 6.3509877e-005-2.0539324e-016              0             -0     1.884e-005
  44.1 5.8316681e-005-1.9638396e-016              0             -0     1.884e-005
  44.2    5.3471e-005-1.8803327e-016              0             -0     1.884e-005
  44.2 4.9323518e-005-1.8091952e-016              0             -0     1.884e-005
  44.3 4.6024273e-005-1.7527859e-016              0             -0     1.884e-005
  44.3 4.3614055e-005-1.7116608e-016              0             -0     1.884e-005
  44.4 4.2087264e-005-1.6856415e-016              0              0     1.884e-005
  44.4 4.1427486e-005-1.6744047e-016              0              0     1.884e-005
  44.5 4.1624915e-005-1.6777668e-016              0              0     1.884e-005
  44.5 4.2682646e-005-1.6957851e-016              0              0     1.884e-005
  44.6 4.4614873e-005-1.7287297e-016              0              0     1.884e-005
  44.6 4.7436078e-005 -1.776907e-016              0              0     1.884e-005
  44.7 5.1136336e-005-1.8402549e-016              0              0     1.884e-005
  44.7 5.5634208e-005-1.9175537e-016              0              0     1.884e-005
  44.8 6.0699605e-005-2.0050931e-016              0              0     1.884e-005
  44.8 6.5857182e-005-2.0949014e-016              0              0     1.884e-005
  44.9 7.0334253e-005-2.1735603e-016              0              0     1.884e-005
  44.9 7.3183147e-005-2.2240266e-016             -0              0     1.884e-005
    45 7.3652438e-005-2.2323746e-016             -0              0     1.884e-005
    45 7.1606724e-005-2.1960578e-016             -0              0     1.884e-005
  45.1 6.7612013e-005-2.1256462e-016             -0              0     1.884e-005
  45.1 6.2597966e-005-2.0380607e-016              0              0     1.884e-005
  45.2 5.7428465e-005-1.9484965e-016              0             -0     1.884e-005
  45.2 5.2686874e-005-1.8668618e-016              0             -0     1.884e-005
  45.3 4.8681444e-005-1.7982058e-016              0             -0     1.884e-005
  45.3 4.5537115e-005-1.7444683e-016              0             -0     1.884e-005
  45.4 4.3282873e-005-1.7060149e-016              0             -0     1.884e-005
  45.4 4.1909284e-005-1.6826099e-016              0              0     1.884e-005
  45.5 4.1400216e-005-1.6739404e-016              0              0     1.884e-005
  45.5 4.1747915e-005-1.6798615e-016              0              0     1.884e-005
  45.6 4.2957777e-005-1.7004738e-016              0              0     1.884e-005
  45.6 4.5045135e-005-1.7360711e-016              0              0     1.884e-005
  45.7 4.8022484e-005-1.7869334e-016              0              0     1.884e-005
  45.7  5.187155e-005-1.8528661e-016              0              0     1.884e-005
  45.8  5.649128e-005 -1.932326e-016              0              0     1.884e-005
  45.8 6.1615546e-005-2.0209877e-016              0              0     1.884e-005
  45.9 6.6717609e-005-2.1099631e-016              0              0     1.884e-005
  45.9  7.097813e-005-2.1849357e-016              0              0     1.884e-005
    46 7.3451088e-005-2.2287916e-016             -0              0     1.884e-005
    46 7.3467544e-005-2.2290844e-016             -0              0     1.884e-005
  46.1  7.102274e-005-2.1857245e-016             -0              0     1.884e-005
  46.1 6.6779107e-005-2.1110405e-016             -0              0     1.884e-005
  46.2  6.168205e-005-2.0221426e-016              0              0     1.884e-005
  46.2 5.6554118e-005-1.9334096e-016              0             -0     1.884e-005
  46.3  5.192584e-005-1.8537977e-016              0             -0     1.884e-005
  46.3 4.8066083e-005 -1.787679e-016              0             -0     1.884e-005
  46.4 4.5077419e-005-1.7366221e-016              0             -0     1.884e-005
  46.4 4.2978788e-005-1.7008319e-016              0             -0     1.884e-005
  46.5 4.1757869e-005 -1.680031e-016              0             -0     1.884e-005
  46.5 4.1399261e-005-1.6739241e-016              0              0     1.884e-005
  46.6 4.1897405e-005-1.6824076e-016              0              0     1.884e-005
  46.6   4.32599e-005-1.7056233e-016              0              0     1.884e-005
  46.7 4.5502838e-005-1.7438831e-016              0              0     1.884e-005
  46.7 4.8635895e-005-1.7974264e-016              0              0     1.884e-005
  46.8 5.2630869e-005-1.8659001e-016              0              0     1.884e-005
  46.8 5.7364534e-005-1.9473928e-016              0              0     1.884e-005
  46.9   6.25316e-005-2.0369065e-016              0              0     1.884e-005
  46.9 6.7552565e-005-2.1246029e-016              0              0     1.884e-005
    47 7.1566346e-005-2.1953429e-016              0              0     1.884e-005
    47 7.3641674e-005 -2.232183e-016             -0              0     1.884e-005
  47.1 7.3205139e-005-2.2244175e-016             -0              0     1.884e-005
  47.1 7.0382731e-005-2.1744162e-016             -0              0     1.884e-005
  47.2 6.5920355e-005-2.0960064e-016             -0              0     1.884e-005
  47.2 6.0765978e-005-2.0062442e-016             -0              0     1.884e-005
  47.3 5.5695805e-005-1.9186149e-016              0             -0     1.884e-005
  47.3 5.1188849e-005-1.8411554e-016              0             -0     1.884e-005
  47.4 4.7477711e-005-1.7776187e-016              0             -0     1.884e-005
  47.4 4.4645168e-005-1.7292465e-016              0             -0     1.884e-005
  47.5 4.2701702e-005-1.6961099e-016              0             -0     1.884e-005
  47.5 4.1632949e-005-1.6779036e-016              0             -0     1.884e-005
  47.6 4.1424622e-005 -1.674356e-016              0              0     1.884e-005
  47.6 4.2073455e-005-1.6854063e-016              0              0     1.884e-005
  47.7 4.3589112e-005-1.7112356e-016              0              0     1.884e-005
  47.7 4.5988004e-005-1.7521665e-016              0              0     1.884e-005
  47.8 4.9276041e-005-1.8083824e-016              0              0     1.884e-005
  47.8 5.3413355e-005-1.8793421e-016              0              0     1.884e-005
  47.9 5.8251822e-005-1.9627186e-016              0              0     1.884e-005
  47.9 6.3443938e-005-2.0527839e-016              0              0     1.884e-005
    48 6.8356811e-005-2.1387277e-016              0              0     1.884e-005
    48 7.2094028e-005-2.2046917e-016              0              0     1.884e-005
  48.1 7.3753096e-005-2.2341666e-016              0              0     1.884e-005
  48.1 7.2867681e-005-2.2184206e-016             -0              0     1.884e-005
  48.2 6.9691811e-005-2.1622271e-016             -0              0     1.884e-005
  48.2 6.5040846e-005 -2.080634e-016             -0              0     1.884e-005
  48.3 5.9853293e-005-1.9904259e-016             -0              0     1.884e-005
  48.3 5.4855437e-005-1.9041437e-016              0              0     1.884e-005
  48.4 5.0476698e-005-1.8289473e-016              0             -0     1.884e-005
  48.4  4.691653e-005-1.7680274e-016              0             -0     1.884e-005
  48.5 4.4240315e-005-1.7223404e-016              0             -0     1.884e-005
  48.5 4.2451514e-005-1.6918469e-016              0             -0     1.884e-005
  48.6 4.1534463e-005-1.6762264e-016              0             -0     1.884e-005
  48.6 4.1476312e-005-1.6752362e-016              0              0     1.884e-005
  48.7 4.2276146e-005-1.6888592e-016              0              0     1.884e-005
  48.7 4.3945511e-005-1.7173126e-016              0              0     1.884e-005
  48.8 4.6500622e-005-1.7609217e-016              0              0     1.884e-005
  48.8 4.9942566e-005 -1.819796e-016              0              0     1.884e-005
  48.9 5.4217899e-005-1.8931743e-016              0              0     1.884e-005
  48.9 5.9150729e-005-1.9782633e-016              0              0     1.884e-005
    49 6.4348428e-005-2.0685487e-016              0              0     1.884e-005
    49 6.9124996e-005-2.1522414e-016              0              0     1.884e-005
  49.1 7.2556657e-005-2.2128981e-016              0              0     1.884e-005
  49.1 7.3784291e-005 -2.234722e-016              0              0     1.884e-005
  49.2 7.2458275e-005-2.2111521e-016             -0              0     1.884e-005
  49.2 6.8955268e-005-2.1492537e-016             -0              0     1.884e-005
  49.3 6.4145459e-005 -2.065009e-016             -0              0     1.884e-005
  49.3 5.8947229e-005-1.9747426e-016             -0              0     1.884e-005
  49.4 5.4034688e-005-1.8900234e-016              0              0     1.884e-005
  49.4 4.9790046e-005-1.8171837e-016              0             -0     1.884e-005
  49.5  4.638268e-005 -1.758907e-016              0             -0     1.884e-005
  49.5 4.3862798e-005-1.7159021e-016              0             -0     1.884e-005
  49.6 4.2228128e-005-1.6880411e-016              0             -0     1.884e-005
  49.6 4.1462361e-005-1.6749986e-016              0             -0     1.884e-005
  49.7 4.1554358e-005-1.6765652e-016              0             -0     1.884e-005
  49.7 4.2505565e-005-1.6927678e-016              0              0     1.884e-005
  49.8 4.4329183e-005-1.7238562e-016              0              0     1.884e-005
  49.8 4.7040642e-005-1.7701483e-016              0              0     1.884e-005
  49.9 5.0635017e-005-1.8316606e-016              0              0     1.884e-005
  49.9 5.5043206e-005-1.9073759e-016              0              0     1.884e-005
    50 6.0058552e-005-1.9939816e-016              0              0     1.884e-005
