  time              x              y              z             vx             vy             vz
     0              1              0              0              0           6.28              0
  0.05              1          0.314              0     -1.9739209      5.6601888              0
   0.1     0.90130396     0.59700944              0     -3.5189761      4.6367688              0
  0.15     0.72535515     0.82884788              0      -4.652126      3.3419425              0
   0.2     0.49274885     0.99594501              0     -5.3800649      1.8706309              0
  0.25     0.22374561      1.0894766              0     -5.7019774     0.30315349              0
   0.3   -0.061353262      1.1046342              0     -5.6139533     -1.2816758              0
  0.35    -0.34205093      1.0405504              0     -5.1153462     -2.7984847              0
   0.4    -0.59781824      0.9006262              0     -4.2173676      -4.151309              0
  0.45    -0.80868662     0.69306075              0     -2.9536239     -5.2343629              0
   0.5    -0.95636781     0.43134261              0      -1.390985     -5.9391469              0
  0.55     -1.0259171     0.13438526              0     0.36265731     -6.1688572              0
   0.6     -1.0077842     -0.1740576              0      2.1585385     -5.8586848              0
  0.65    -0.89985727    -0.46699184              0      3.8190907     -4.9969211              0
   0.7    -0.70890274     -0.7168379              0       5.161973     -3.6390072              0
  0.75    -0.45080409    -0.89878825              0       6.030375     -1.9076353              0
   0.8    -0.14928533    -0.99417002              0      6.3202371    0.022709579              0
  0.85     0.16672652    -0.99303454              0      5.9963253      1.9519502              0
   0.9     0.46654278    -0.89543703              0      5.0943001        3.68321              0
  0.95     0.72125779    -0.71127653              0      3.7111834      5.0471862              0
     1     0.90681696    -0.45891722              0       1.989126      5.9186761              0
  1.05      1.0062733    -0.16298342              0    0.097024716      6.2251347              0
   1.1      1.0111245     0.14827332              0     -1.7871334       5.948838              0
  1.15     0.92176782     0.44571522              0     -3.4919488      5.1244849              0
   1.2     0.74717038     0.70193946              0     -4.8660219      3.8335931              0
  1.25     0.50386929     0.89361911              0     -5.7891338      2.1964414              0
   1.3      0.2144126      1.0034412              0     -6.1811323     0.36190631              0
  1.35   -0.094644017      1.0215365              0     -6.0082054     -1.5045738              0
   1.4    -0.39505429     0.94630781              0     -5.2860064     -3.2345198              0
  1.45     -0.6593546     0.78458182              0     -4.0790439     -4.6707133              0
   1.5     -0.8633068     0.55104616              0     -2.4959225      -5.681215              0
  1.55    -0.98810292     0.26698541              0    -0.68040917     -6.1717667              0
   1.6     -1.0221234   -0.041602925              0      1.2011681     -6.0951819              0
  1.65    -0.96206498    -0.34636202              0      2.9751363      -5.456519              0
   1.7    -0.81330817    -0.61918797              0      4.4768135     -4.3132617              0
  1.75    -0.58946749    -0.83485105              0      5.5662452     -2.7703213              0
   1.8    -0.31115523    -0.97336712              0       6.141654    -0.97030662              0
  1.85  -0.0040725343     -1.0218824              0      6.1491872     0.91993367              0
   1.9     0.30338683    -0.97588576              0      5.5879928      2.7250931              0
  1.95     0.58278647    -0.83963111              0      4.5101858      4.2779094              0
     2     0.80829576    -0.62573564              0      3.0158016      5.4347748              0
  2.05     0.95908584     -0.3539969              0      1.2433142      6.0889968              0
   2.1      1.0212516   -0.049547057              0    -0.64332404       6.180529              0
  2.15     0.98908535     0.25947939              0     -2.4698833      5.7013444              0
   2.2     0.86559118     0.54454661              0      -4.067903      4.6960243              0
  2.25     0.66219604     0.77934783              0     -5.2901426      3.2575532              0
   2.3      0.3976889     0.94222549              0     -6.0240585       1.518721              0
  2.35    0.096485977      1.0181615              0     -6.2021038    -0.36008934              0
   2.4    -0.21361921      1.0001571              0     -5.8079226     -2.2056308              0
  2.45    -0.50401535     0.88987553              0     -4.8778673     -3.8477107              0
   2.5    -0.74790871        0.69749              0     -3.4976836     -5.1348522              0
  2.55    -0.92279289     0.44074739              0     -1.7946477     -5.9482618              0
   2.6     -1.0125253      0.1433343              0    0.074138266     -6.2128094              0
  2.65     -1.0088184    -0.16730617              0      1.9362236     -5.9039943              0
   2.7    -0.91200718    -0.46250589              0      3.6197258     -5.0502404              0
  2.75    -0.73102089    -0.71501791              0      4.9692116     -3.7302966              0
   2.8    -0.48256031    -0.90153274              0      5.8600659     -2.0659774              0
  2.85    -0.18955702     -1.0048316              0      6.2100153    -0.21091454              0
   2.9     0.12094375     -1.0153773              0      5.9867335      1.6636369              0
  2.95     0.42028042    -0.93219549              0      5.2108277      3.3846209              0
     3     0.68082181    -0.76296444              0      3.9539303      4.7931658              0
  3.05     0.87851832    -0.52330615              0      2.3320769      5.7592536              0
   3.1     0.99512216    -0.23534347              0     0.49498653      6.1937201              0
  3.15      1.0198715    0.074342536              0      -1.387764      6.0564788              0
   3.2     0.95048329     0.37716648              0     -3.1423941      5.3602145              0
  3.25     0.79336359      0.6451772              0     -4.6069573      4.1692059              0
   3.3     0.56301572      0.8536375              0     -5.6462849      2.5933903              0
  3.35     0.28070148     0.98330701              0     -6.1644569     0.77821581              0
   3.4   -0.027521365      1.0222178              0     -6.1136529     -1.1087813              0
  3.45    -0.33320401     0.96677874              0     -5.4985644     -2.8934372              0
   3.5    -0.60813223     0.82210688              0     -4.3759624     -4.4110328              0
  3.55    -0.82693035     0.60155524              0     -2.8494595     -5.5214961              0
   3.6    -0.96940332     0.32548043              0      -1.059948     -6.1223306              0
  3.65     -1.0224007    0.019363901              0     0.82740217     -6.1580764              0
   3.7    -0.98103062    -0.28853992              0      2.6383887     -5.6254305              0
  3.75    -0.84911118    -0.56981144              0      4.2058556     -4.5735535              0
   3.8     -0.6388184    -0.79848911              0      5.3851226     -3.0995323              0
  3.85    -0.36956227    -0.95346573              0      6.0673403     -1.3394196              0
   3.9   -0.066195258     -1.0204367              0      6.1895379     0.54432438              0
  3.95     0.24328164    -0.99322049              0      5.7404356      2.3778275              0
     4     0.53030342    -0.87432911              0      4.7614859      3.9918549              0
  4.05     0.76837771    -0.67473637              0      3.3430471      5.2374301              0
   4.1     0.93553007    -0.41286487              0      1.6160431      5.9995855              0
  4.15      1.0163322    -0.11288559              0    -0.26012192       6.207974              0
   4.2      1.0033261     0.19751311              0     -2.1122763       5.843362              0
  4.25     0.89771231     0.48968121              0     -3.7694651       4.939404              0
   4.3     0.70923905     0.73665141              0     -5.0787292      3.5795364              0
  4.35     0.45530259     0.91562823              0     -5.9192231       1.889276              0
   4.4     0.15934144       1.010092              0     -6.2133692    0.024634735              0
  4.45    -0.15132702      1.0113238              0     -5.9340178     -1.8422801              0
   4.5    -0.44802791     0.91920976              0     -5.1069534     -3.5391513              0
  4.55    -0.70337558     0.74225219              0     -3.8085144      -4.909357              0
   4.6     -0.8938013     0.49678434              0     -2.1585472     -5.8264265              0
  4.65     -1.0017287     0.20546302              0    -0.30934466     -6.2057135              0
   4.7     -1.0171959    -0.10482266              0      1.5684108     -6.0122097              0
  4.75    -0.93877535    -0.40543315              0      3.3014012     -5.2637753              0
   4.8     -0.7737053    -0.66862191              0      4.7296705     -4.0294912              0
  4.85    -0.53722177    -0.87009647              0      5.7213884     -2.4232825              0
   4.9    -0.25115235     -0.9912606              0      6.1850187    -0.59340326              0
  4.95    0.058098587     -1.0209308              0       6.077768      1.2912475              0
     5     0.36198699    -0.95636838              0      5.4095356      3.0567154              0
  5.05     0.63246377    -0.80353261              0      4.2419996      4.5400466              0
   5.1     0.84456375    -0.57653028              0      2.6829245      5.6043286              0
  5.15     0.97870997    -0.29631385              0      0.8762138      6.1513277              0
   5.2      1.0225207    0.011252533              0     -1.0113719      6.1305553              0
  5.25     0.97195207      0.3177803              0     -2.8056073       5.543929              0
   5.3      0.8316717     0.59497675              0     -4.3408834      4.4455947              0
  5.35     0.61462753     0.81725648              0     -5.4754933      2.9369293              0
   5.4     0.34085286     0.96410295              0     -6.1047118      1.1571835              0
  5.45    0.035617272      1.0219621              0     -6.1704618    -0.72937095              0
   5.5    -0.27290582     0.98549358              0     -5.6666743      -2.548604              0
  5.55    -0.55623953     0.85806338              0     -4.6398494     -4.1325994              0
   5.6      -0.788232      0.6514334              0     -3.1847636     -5.3351534              0
  5.65    -0.94747018     0.38467574              0     -1.4357221     -6.0452694              0
   5.7     -1.0192563    0.082412265              0     0.44583732     -6.1974035              0
  5.75    -0.99696442    -0.22745791              0      2.2862457     -5.7775134              0
   5.8    -0.88265214    -0.51633358              0      3.9156323     -4.8243554              0
  5.85    -0.68687052    -0.75755135              0      5.1836036     -3.4259064              0
   5.9    -0.42769034    -0.92884667              0      5.9731252     -1.7112441              0
  5.95    -0.12903408     -1.0144089              0      6.2113237     0.16136699              0
     6     0.18153211     -1.0063405              0      5.8762132      2.0190838              0
  6.05     0.47534277    -0.90538633              0      4.9987247       3.690438              0
   6.1       0.725279    -0.72086443              0      3.6598508      5.0211625              0
  6.15     0.90827154     -0.4698063              0      1.9831705      5.8884307              0
   6.2      1.0074301    -0.17538477              0     0.12344235      6.2121931              0
  6.25      1.0136022     0.13522489              0     -1.7476796      5.9625663              0
   6.3      0.9262182      0.4333532              0     -3.4574897       5.162591              0
  6.35     0.75334372     0.69148275              0     -4.8481713      3.8861055              0
   6.4     0.51093515     0.88578803              0     -5.7913638        2.25093              0
  6.45     0.22136696     0.99833453              0     -6.2000099     0.40799233              0
   6.5   -0.088633537      1.0187341              0     -6.0363913     -1.4726033              0
  6.55     -0.3904531     0.94510398              0     -5.3156102     -3.2172767              0
   6.6    -0.65623361     0.78424014              0     -4.1041949     -4.6649935              0
  6.65    -0.86144336     0.55099046              0       -2.51396     -5.6821286              0
   6.7    -0.98714136     0.26688403              0    -0.69168508     -6.1747998              0
  6.75     -1.0217256   -0.041855958              0      1.1944328     -6.0975332              0
   6.8    -0.96200397    -0.34673262              0      2.9703039     -5.4574606              0
  6.85    -0.81348878    -0.61960565              0       4.472014      -4.313661              0
   6.9    -0.58988808     -0.8352887              0      5.5609546     -2.7717079              0
  6.95    -0.31184035    -0.97387409              0      6.1366157    -0.97392451              0
     7  -0.0050095651     -1.0225703              0      6.1458634     0.91375273              0
  7.05      0.3022836    -0.97688268              0      5.5878442        2.71709              0
   7.1     0.58167581    -0.84102818              0      4.5140636      4.2696383              0
  7.15     0.80737899    -0.62754627              0      3.0236321      5.4280963              0
   7.2      0.9585606    -0.35614145              0      1.2541176      6.0855378              0
  7.25      1.0212665   -0.051864562              0    -0.63115273      6.1812804              0
   7.3     0.98970884     0.25719946              0     -2.4581673      5.7064871              0
  7.35     0.86680048     0.54252381              0     -4.0582915      4.7049815              0
   7.4      0.6638859     0.77777289              0      -5.283833      3.2692033              0
  7.45     0.39969426     0.94123305              0     -6.0216734      1.5316757              0
   7.5    0.098610585      1.0178168              0     -6.2037098     -0.3472266              0
  7.55     -0.2115749      1.0004555              0     -5.8131399     -2.1940796              0
   7.6     -0.5022319     0.89075152              0     -4.8860137     -3.8384178              0
  7.65    -0.74653258     0.69883064              0     -3.5079055     -5.1284676              0
   7.7    -0.92192786     0.44240725              0     -1.8060155     -5.9451568              0
  7.75     -1.0122286     0.14514942              0    0.062570899     -6.2131044              0
   7.8     -1.0091001     -0.1655058              0      1.9253819     -5.9075786              0
  7.85    -0.91283099    -0.46088473              0       3.610479     -5.0567798              0
   7.9    -0.73230704    -0.71372373              0      4.9623267     -3.7392371              0
  7.95     -0.4841907    -0.90068558              0      5.8561487     -2.0765606              0
     8    -0.19138327     -1.0045136              0      6.2094445    -0.22221627              0
  8.05     0.11908895     -1.0156244              0      5.9896048      1.6526388              0
   8.1      0.4185692    -0.93299249              0       5.216921      3.3749542              0
  8.15     0.67941525    -0.76424478              0      3.9627122      4.7857594              0
   8.2     0.87755086    -0.52495681              0      2.3427427       5.754836              0
  8.25     0.99468799      -0.237215              0     0.50653653      6.1927378              0
   8.3      1.0200148    0.072421887              0     -1.3764232      6.0590461              0
  8.35     0.95119366     0.37537419              0     -3.1323383      5.3661008              0
   8.4     0.79457674     0.64367923              0     -4.5991366      4.1778611              0
  8.45     0.56461991     0.85257229              0     -5.6414318      2.6040023              0
   8.5     0.28254832     0.98277241              0     -6.1630195      0.7897925              0
  8.55   -0.025602652       1.022262              0     -6.1157566     -1.0973156              0
   8.6    -0.33139048     0.96739625              0     -5.5040058     -2.8831409              0
  8.65    -0.60659077     0.82323921              0     -4.3842318     -4.4028505              0
   8.7    -0.82580237     0.60309668              0     -2.8597906     -5.5161743              0
  8.75     -0.9687919     0.32728797              0      -1.071389     -6.1203518              0
   8.8     -1.0223613    0.021270378              0     0.81590246     -6.1596172              0
  8.85    -0.98156623    -0.28671048              0      2.6278856     -5.6303462              0
   8.9    -0.85017194    -0.56822779              0      4.1973134     -4.5813908              0
  8.95    -0.64030627    -0.79729733              0      5.3793266     -3.1095702              0
     9    -0.37133995    -0.95277584              0      6.0648246     -1.3507344              0
  9.05   -0.068098715     -1.0203126              0      6.1905357     0.53277497              0
   9.1     0.24142807    -0.99367381              0      5.7448565      2.3671089              0
  9.15     0.52867089    -0.87531837              0      4.7689236      3.9829573              0
   9.2     0.76711707     -0.6761705              0      3.3528162      5.2311762              0
  9.25     0.93475788    -0.41461169              0      1.6272418      5.9965544              0
   9.3        1.01612    -0.11478397              0    -0.24852806      6.2084471              0
  9.35      1.0036936     0.19563838              0     -2.1013586      5.8472962              0
   9.4     0.89862564     0.48800319              0     -3.7602324      4.9464364              0
  9.45     0.71061402     0.73532501              0     -5.0720346      3.5890175              0
   9.5     0.45701229     0.91477589              0     -5.9156848      1.9003301              0
  9.55     0.16122805      1.0097924              0     -6.2133137    0.036241037              0
   9.6    -0.14943764      1.0116044              0       -5.93745     -1.8311931              0
  9.65    -0.44631014     0.92004479              0     -5.1135561     -3.5296069              0
   9.7    -0.70198794     0.74356444              0     -3.8176778     -4.9022359              0
  9.75    -0.89287184     0.49845265              0     -2.1694256     -5.8223856              0
   9.8     -1.0013431     0.20733337              0    -0.32093399     -6.2051255              0
  9.85     -1.0173898    -0.10292291              0        1.55718     -6.0151286              0
   9.9    -0.93953081    -0.40367933              0      3.2915653     -5.2699316              0
  9.95    -0.77495255    -0.66717591              0      4.7221371     -4.0383167              0
    10    -0.53884569    -0.86909175              0      5.7168528     -2.4339628              0
  10.1    -0.25300305    -0.99078989              0      6.1838995    -0.60495262              0
  10.1    0.056191922     -1.0210375              0      6.0801686      1.2798951              0
  10.2     0.36020035    -0.95704277              0      5.4152343      3.0466076              0
  10.2     0.63096207    -0.80471239              0      4.2504707      4.5321165              0
  10.3      0.8434856    -0.57810656              0       2.693386      5.5993082              0
  10.3      0.9781549    -0.29814115              0     0.88770017      6.1496804              0
  10.4      1.0225399   0.0093428706              0    -0.99992093      6.1324334              0
  10.4     0.97254386     0.31596454              0     -2.7952487       5.549159              0
  10.5     0.83278143     0.59342249              0     -4.3325734      4.4536939              0
  10.5     0.61615276     0.81610718              0     -5.4699988      2.9471501              0
  10.6     0.34265282     0.96346469              0     -6.1025401      1.1685826              0
  10.6    0.037525811      1.0218938              0     -6.1718132    -0.71784584              0
  10.7    -0.27106485     0.98600152              0     -5.6714242     -2.5380166              0
  10.7    -0.55463606     0.85910069              0     -4.6475593      -4.123927              0
  10.8    -0.78701402     0.65290434              0     -3.1947218     -5.3291963              0
  10.8    -0.94675012     0.38644453              0     -1.4470096     -6.0425776              0
  10.9     -1.0191006    0.084315646              0     0.43426248     -6.1982253              0
  10.9    -0.99738747    -0.22559562              0      2.2754519     -5.7817731              0
    11    -0.88361488    -0.51468427              0      3.9066157     -4.8316596              0
    11    -0.68828409    -0.75626725              0      5.1771965     -3.4355811              0
  11.1    -0.42942427    -0.92804631              0      5.9699189     -1.7223963              0
  11.1    -0.13092832     -1.0141661              0      6.2116142     0.14976667              0
  11.2     0.17965239     -1.0066778              0      5.8799737      2.0081061              0
  11.2     0.47365107    -0.90627249              0      5.0056081      3.6810961              0
  11.3     0.72393147    -0.72221768              0      3.6692218      5.0143188              0
  11.3     0.90739256    -0.47150174              0      1.9941641      5.8847167              0
  11.4      1.0071008    -0.17726591              0     0.13504381      6.2119517              0
  11.4       1.013853     0.13333168              0     -1.7365411      5.9658198              0
  11.5      0.9270259     0.43162267              0     -3.4478422      5.1690391              0
  11.5     0.75463379     0.69007463              0     -4.8409053       3.895153              0
  11.6     0.51258853     0.88483228              0       -5.78715      2.2617418              0
  11.6     0.22323103     0.99791937              0     -6.1992372     0.41957055              0
  11.7   -0.086730829      1.0188979              0      -6.039131     -1.4613274              0
  11.7    -0.38868738     0.94583153              0     -5.3216094     -3.2073438              0
  11.8    -0.65476785     0.78546433              0        -4.1129     -4.6573206              0
  11.8    -0.86041285     0.55259831              0     -2.5245674     -5.6774237              0
  11.9    -0.98664122     0.26872712              0    -0.70321572     -6.1734973              0
  11.9      -1.021802   -0.039947745              0      1.1830432     -6.0997533              0
    12    -0.96264984    -0.34493541              0      2.9601065     -5.4629983              0
    12    -0.81464452    -0.61808532              0      4.4639502     -4.3220053              0
  12.1    -0.59144701    -0.83418559              0      5.5557686     -2.7820885              0
  12.1    -0.31365858    -0.97329001              0      6.1347861    -0.98538335              0
  12.2  -0.0069192734     -1.0225592              0      6.1475592     0.90227333              0
  12.2     0.30045869    -0.97744551              0      5.5929088      2.7066496              0
  12.3     0.58010412    -0.84211303              0      4.5220295      4.2612005              0
  12.3      0.8062056    -0.62905301              0      3.0337642        5.42244              0
  12.4     0.95789381      -0.357931              0      1.2654806       6.083185              0
  12.4      1.0211678   -0.053771754              0    -0.61960768      6.1824483              0
  12.5     0.99018745     0.25535066              0     -2.4475058      5.7110679              0
  12.5     0.86781217     0.54090406              0     -4.0494976      4.7125524              0
  12.6     0.66533729     0.77653168              0     -5.2777183      3.2790655              0
  12.6     0.40145137     0.94048495              0     -6.0188024      1.5429189              0
  12.7     0.10051125      1.0176309              0     -6.2043474    -0.33564016              0
  12.7    -0.20970612      1.0008489              0     -5.8172274     -2.1832194              0
  12.8    -0.50056748     0.89168792              0     -4.8931737     -3.8292861              0
  12.8    -0.74522617     0.70022362              0     -3.5174771     -5.1219074              0
  12.9    -0.92110003     0.44412824              0     -1.8171153     -5.9417736              0
  12.9     -1.0119558     0.14703957              0    0.050967409     -6.2132104              0
    13     -1.0094074    -0.16362095              0      1.9143458     -5.9111641              0
    13    -0.91369013    -0.45917916              0      3.6010289     -5.0635138              0
  13.1    -0.73363869    -0.71235485              0      4.9553348     -3.7484981              0
  13.1    -0.48587195    -0.89977975              0      5.8522603     -2.0874937              0
  13.2    -0.19325893     -1.0041544              0      6.2090187    -0.23381243              0
  13.2       0.117192     -1.0158451              0      5.9926808      1.6414499              0
  13.3     0.41682604    -0.93377257              0      5.2232149      3.3652054              0
  13.3     0.67798678     -0.7655123              0       3.971643      4.7783504              0
  13.4     0.87656894    -0.52659477              0      2.3534861      5.7504508              0
  13.4     0.99424324    -0.23907224              0     0.51810099       6.191781              0
  13.5      1.0201483    0.070516816              0     -1.3651052      6.0616061              0
  13.5     0.95189303     0.37359712              0     -3.1223113      5.3719413              0
  13.6     0.79577747     0.64219419              0     -4.5913261       4.186443              0
  13.6     0.56621116     0.85151634              0     -5.6365588      2.6145335              0
  13.7     0.28438322     0.98224301              0     -6.1615337     0.80130096              0
  13.7   -0.023693466      1.0223081              0     -6.1177953     -1.0858921              0
  13.8    -0.32958323     0.96801346              0     -5.5093806     -2.8728568              0
  13.8    -0.60505226     0.82437062              0     -4.3924468     -4.3946549              0
  13.9     -0.8246746     0.60463787              0     -2.8700875     -5.5108238              0
  13.9    -0.96817898     0.32909668              0     -1.0828173     -6.1183403              0
    14     -1.0223198    0.023179667              0     0.80439755     -6.1611302              0
    14    -0.98209996    -0.28487684              0       2.617366     -5.6352441              0
  14.1    -0.85123166    -0.56663905              0        4.18875     -4.5892215              0
  14.1    -0.64179416    -0.79610012              0      5.3735098      -3.119611              0
  14.2    -0.37311867    -0.95208068              0      6.0622914     -1.3620585              0
  14.2   -0.070004097     -1.0201836              0      6.1915199     0.52121281              0
  14.3      0.2395719    -0.99412296              0      5.7492672      2.3563759              0
  14.3     0.52703526    -0.87630417              0      4.7763537       3.974044              0
  14.4     0.76585294    -0.67760197              0      3.3625799      5.2249055              0
  14.4     0.93398194    -0.41635669              0      1.6384379       5.993505              0
  14.5      1.0159038    -0.11668144              0    -0.23693295      6.2089004              0
  14.5      1.0040572     0.19376358              0     -2.0904347      5.8512104              0
  14.6     0.89953545      0.4863241              0     -3.7509881      4.9534502              0
  14.6     0.71198604     0.73399661              0      -5.065323      3.5984836              0
  14.7      0.4587199     0.91392079              0     -5.9121255      1.9113747              0
  14.7     0.16311362      1.0094895              0     -6.2132352    0.047844745              0
  14.8    -0.14754814      1.0118818              0     -5.9408596     -1.8201013              0
  14.8    -0.44459112      0.9208767              0     -5.1201389     -3.5200509              0
  14.9    -0.70059807     0.74487415              0     -3.8268264     -4.8950976              0
  14.9    -0.89193939     0.50011927              0     -2.1802955     -5.8183239              0
    15     -1.0009542     0.20920308              0    -0.33252191     -6.2045153              0
    15     -1.0175803    -0.10102269              0      1.5459436     -6.0180262              0
  15.1    -0.94028307    -0.40192399              0      3.2817176     -5.2760696              0
  15.1    -0.77619719    -0.66572748              0       4.714587     -4.0471286              0
  15.2    -0.54046784    -0.86808391              0      5.7122973     -2.4446352              0
  15.2    -0.25485298    -0.99031566              0      6.1827589    -0.61650041              0
  15.3    0.054284969     -1.0211407              0      6.0825482      1.2685377              0
  15.3     0.35841238     -0.9577138              0      5.4209146       3.036489              0
  15.4     0.62945811    -0.80588935              0      4.2589273      4.5241706              0
  15.4     0.84240448    -0.57968082              0      2.7038384      5.5942684              0
  15.5      0.9775964     -0.2999674              0     0.89918356      6.1480119              0
  15.5      1.0225556    0.007433194              0    -0.98846646      6.1342901              0
  15.6     0.97313225      0.3141477              0     -2.7848804      5.5543696              0
  15.6     0.83388823     0.59186618              0     -4.3242482      4.4617775              0
  15.7     0.61767582     0.81495505              0     -5.4644853      2.9573605              0
  15.7     0.34445155     0.96282308              0     -6.1003471      1.1799774              0
  15.8    0.039434199       1.021822              0     -6.1731431    -0.70631833              0
  15.8    -0.26922295     0.98650603              0     -5.6761542     -2.5274205              0
  15.9    -0.55303067     0.86013501              0     -4.6552529     -4.1152401              0
  15.9    -0.78579331       0.654373              0     -3.2046689     -5.3232207              0
    16    -0.94602675     0.38821197              0      -1.458292     -6.0398647              0
    16     -1.0189414    0.086218736              0     0.42268613     -6.1990255              0
  16.1    -0.99780705    -0.22373254              0      2.2646501     -5.7860125              0
  16.1    -0.88457454    -0.51303317              0      3.8975854     -4.8389471              0
  16.2    -0.68969527    -0.75498052              0      5.1707713     -3.4452439              0
  16.2    -0.43115671    -0.92724271              0      5.9666918     -1.7335425              0
  16.3    -0.13282212     -1.0139198              0      6.2118831     0.13816582              0
  16.3     0.17777204     -1.0070115              0      5.8837137      1.9971214              0
  16.4     0.47195772    -0.90715548              0       5.012474      3.6717414              0
  16.4     0.72258142    -0.72356841              0      3.6785799      5.0074575              0
  16.5     0.90651042    -0.47319553              0      2.0051507      5.8809822              0
  16.5       1.006768    -0.17914642              0      0.1466448      6.2116887              0
  16.6      1.0141002     0.13143801              0     -1.7253965      5.9690525              0
  16.6     0.92783037     0.42989064              0     -3.4381826      5.1754692              0
  16.7     0.75592124      0.6886641              0     -4.8336224      3.9041869              0
  16.7     0.51424012     0.88387344              0     -5.7829159      2.2725458              0
  16.8     0.22509432     0.99750073              0     -6.1984428      0.4311473              0
  16.8   -0.084827819      1.0190581              0     -6.0418496     -1.4500463              0
  16.9     -0.3869203     0.94655578              0       -5.32759     -3.1973998              0
  16.9     -0.6532998     0.78668579              0     -4.1215907     -4.6496313              0
    17    -0.85937933     0.55420422              0      -2.535166     -5.6726991              0
    17    -0.98613763     0.27056927              0     -0.7147439     -6.1721732              0
  17.1     -1.0218748   -0.038039393              0      1.1716494      -6.101952              0
  17.1    -0.96329235    -0.34313699              0      2.9498988      -5.468517              0
  17.2    -0.81579741    -0.61656284              0      4.4558708     -4.3303345              0
  17.2    -0.59300387    -0.83307957              0      5.5505631     -2.7924595              0
  17.3    -0.31547571    -0.97270254              0      6.1329351    -0.99683874              0
  17.3  -0.0088289577     -1.0225445              0      6.1492335     0.89079079              0
  17.4     0.29863272    -0.97800494              0      5.5979539      2.6961998              0
  17.4     0.57853041    -0.84319495              0      4.5299797      4.2527479              0
  17.5      0.8050294    -0.63055755              0      3.0438857      5.4167648              0
  17.5     0.95722368    -0.35971931              0      1.2768391       6.080811              0
  17.6      1.0210656   -0.055678758              0    -0.60806047      6.1835947              0
  17.6     0.99066261     0.25350098              0     -2.4368357      5.7156288              0
  17.7     0.86882083     0.53928242              0     -4.0406895      4.7201069              0
  17.7     0.66678635     0.77528776              0     -5.2715852      3.2889163              0
  17.8     0.40320709     0.93973358              0     -6.0159104      1.5541567              0
  17.8     0.10241157      1.0174414              0     -6.2049634    -0.32405254              0
  17.9     -0.2078366      1.0012388              0     -5.8212945     -2.1723515              0
  17.9    -0.49890133     0.89262121              0     -4.9003166     -3.8201411              0
    18    -0.74391716     0.70161415              0     -3.5270365     -5.1153294              0
    18    -0.92026898     0.44584768              0     -1.8282088     -5.9383696              0
  18.1     -1.0116794      0.1489292              0    0.039363743     -6.2132947              0
  18.1     -1.0097112    -0.16173553              0       1.903303      -5.914729              0
  18.2    -0.91454608    -0.45747198              0      3.5915661     -5.0702301              0
  18.2    -0.73496778    -0.71098349              0      4.9483256      -3.757746              0
  18.3     -0.4875515    -0.89887079              0      5.8483516     -2.0984196              0
  18.3    -0.19513392     -1.0037918              0      6.2085712    -0.24540777              0
  18.4     0.11529464     -1.0160622              0      5.9957359      1.6302553              0
  18.4     0.41508143    -0.93454939              0      5.2294905      3.3554449              0
  18.5     0.67655596    -0.76677715              0        3.98056      4.7709248              0
  18.5     0.87558396    -0.52823091              0      2.3642213      5.7460455              0
  18.6     0.99379502    -0.24092863              0     0.52966365      6.1908026              0
  18.6      1.0202782    0.068611499              0     -1.3537823       6.064145              0
  18.7     0.95258909     0.37181875              0     -3.1122734      5.3777631              0
  18.7     0.79697542      0.6407069              0     -4.5834997      4.1950103              0
  18.8     0.56780044     0.85045742              0     -5.6316662      2.6250556              0
  18.8     0.28621713      0.9817102              0     -6.1600265     0.81280664              0
  18.9   -0.021784197      1.0223505              0     -6.1198126     -1.0744649              0
  18.9    -0.32777483     0.96862729              0     -5.5147363     -2.8625626              0
    19    -0.60351164     0.82549915              0     -4.4006465     -4.3864441              0
    19    -0.82354396     0.60617695              0     -2.8803743     -5.5054541              0
  19.1    -0.96756268     0.33090424              0     -1.0942418     -6.1163074              0
  19.1     -1.0222748    0.025088876              0     0.79288983     -6.1626217              0
  19.2    -0.98263028    -0.28304221              0      2.6068373     -5.6401224              0
  19.2    -0.85228841    -0.56504833              0       4.180172     -4.5970363              0
  19.3    -0.64327981    -0.79490014              0      5.3676744      -3.129641              0
  19.3    -0.37489609    -0.95138219              0      6.0597371     -1.3733779              0
  19.4   -0.071909235     -1.0200511              0      6.1924825     0.50964884              0
  19.4     0.23771489    -0.99456864              0      5.7536579      2.3456346              0
  19.5     0.52539778    -0.87728691              0      4.7837672      3.9651169              0
  19.5     0.76458614    -0.67903106              0      3.3723319      5.2186165              0
  19.6     0.93320274    -0.41810024              0      1.6496283      5.9904347              0
  19.6      1.0156842     -0.1185785              0      -0.225337       6.209332              0
  19.7      1.0044173      0.1918881              0     -2.0795036      5.8551043              0
  19.7     0.90044212     0.48464331              0     -3.7417307      4.9604468              0
  19.8     0.71335559     0.73266565              0     -5.0585937      3.6079371              0
  19.8      0.4604259     0.91306251              0     -5.9085456      1.9224126              0
  19.9     0.16499862      1.0091831              0      -6.213135    0.059448286              0
  19.9    -0.14565813      1.0121556              0     -5.9442484     -1.8090032              0
    20    -0.44287054      0.9217054              0     -5.1267039     -3.5104825              0
    20    -0.69920574     0.74618127              0     -3.8359616     -4.8879422              0
  20.1    -0.89100382     0.50178416              0     -2.1911578     -5.8142419              0
  20.1     -1.0005617     0.21107206              0    -0.34410867     -6.2038835              0
  20.2     -1.0177671   -0.099122111              0      1.5347019     -6.0209029              0
  20.2    -0.94103205    -0.40016725              0      3.2718585     -5.2821892              0
  20.3    -0.77743913    -0.66427672              0      4.7070205     -4.0559263              0
  20.3     -0.5420881    -0.86707303              0      5.7077218      -2.455299              0
  20.4    -0.25670201    -0.98983798              0      6.1815968    -0.62804604              0
  20.4    0.052377827     -1.0212403              0      6.0849067      1.2571759              0
  20.5     0.35662316    -0.95838149              0       5.426576      3.0263598              0
  20.5     0.62795196     -0.8070635              0      4.2673691      4.5162088              0
  20.6     0.84132042    -0.58125305              0      2.7142813       5.589209              0
  20.6     0.97703448     -0.3017926              0     0.91066381      6.1463219              0
  20.7      1.0225677   0.0055234914              0    -0.97700855      6.1361254              0
  20.7     0.97371725     0.31232976              0     -2.7745024      5.5595609              0
  20.8     0.83499212     0.59030781              0      -4.315908      4.4698455              0
  20.8     0.61919672     0.81380008              0     -5.4589527      2.9675607              0
  20.9     0.34624909     0.96217812              0     -6.0981327      1.1913682              0
  20.9     0.04134245      1.0217465              0     -6.1744514    -0.69478835              0
    21    -0.26738012     0.98700711              0     -5.6808645     -2.5168155              0
    21    -0.55142334     0.86116633              0     -4.6629303      -4.106539              0
  21.1    -0.78456986     0.65583938              0     -3.2146048     -5.3172265              0
  21.1    -0.94530009     0.38997806              0     -1.4695693     -6.0371307              0
  21.2     -1.0187786    0.088121526              0      0.4111083     -6.1998041              0
  21.2    -0.99822314    -0.22186868              0      2.2538404     -5.7902318              0
  21.3    -0.88553113    -0.51138027              0      3.8885416     -4.8462176              0
  21.3    -0.69110405    -0.75369115              0      5.1643281     -3.4548946              0
  21.4    -0.43288764    -0.92643588              0      5.9634439     -1.7446827              0
  21.4    -0.13471545       -1.01367              0      6.2121303     0.12656448              0
  21.5     0.17589107     -1.0073418              0      5.8874332      1.9861297              0
  21.5     0.47026273    -0.90803531              0      5.0193225      3.6623739              0
  21.6     0.72122885    -0.72491661              0      3.6879253      5.0005788              0
  21.6     0.90562512    -0.47488768              0      2.0161303      5.8772272              0
  21.7      1.0064316    -0.18102632              0     0.15824528       6.211404              0
  21.7      1.0143439     0.12954388              0     -1.7142459      5.9722644              0
  21.8      0.9286316      0.4281571              0     -3.4285111      5.1818812              0
  21.8     0.75720605     0.68725116              0     -4.8263227      3.9132072              0
  21.9     0.51588991     0.88291152              0     -5.7786617      2.2833418              0
  21.9     0.22695683     0.99707861              0     -6.1976268     0.44272254              0
    22   -0.082924513      1.0192147              0     -6.0445471     -1.4387603              0
    22    -0.38515187     0.94727672              0     -5.3335521     -3.1874446              0
  22.1    -0.65182947     0.78790449              0      -4.130267     -4.6419259              0
  22.1    -0.85834282      0.5558082              0     -2.5457557     -5.6679546              0
  22.2    -0.98563061     0.27241047              0    -0.72626959     -6.1708276              0
  22.2     -1.0219441   -0.036130909              0      1.1602516     -6.1041295              0
  22.3     -0.9639315    -0.34133738              0      2.9396809     -5.4740166              0
  22.3    -0.81694746    -0.61503821              0      4.4477758     -4.3386485              0
  22.4    -0.59455867    -0.83197064              0      5.5453384     -2.8028206              0
  22.4    -0.31729175    -0.97211167              0      6.1310628     -1.0082907              0
  22.5   -0.010738611     -1.0225262              0      6.1508864     0.87930514              0
  22.5     0.29680571    -0.97856095              0      5.6029794      2.6857405              0
  22.6     0.57695468    -0.84427392              0      4.5379141      4.2442805              0
  22.6     0.80385039     -0.6320599              0      3.0539965      5.4110707              0
  22.7     0.95655021    -0.36150636              0      1.2881932      6.0784159              0
  22.7      1.0209599   -0.057585568              0    -0.59651114      6.1847195              0
  22.8     0.99113431     0.25165041              0     -2.4261571      5.7201698              0
  22.8     0.86982646      0.5376589              0     -4.0318673      4.7276449              0
  22.9     0.66823309     0.77404114              0     -5.2654338      3.2987556              0
  22.9      0.4049614     0.93897892              0     -6.0129974      1.5653891              0
    23     0.10431153      1.0172484              0     -6.2055578     -0.3124638              0
    23    -0.20596636      1.0016252              0     -5.8253414     -2.1614761              0
  23.1    -0.49723343     0.89355138              0     -4.9074424     -3.8109828              0
  23.1    -0.74260555     0.70300224              0     -3.5365836     -5.1087335              0
  23.2    -0.91943473     0.44756557              0     -1.8392959      -5.934945              0
  23.2     -1.0113995     0.15081832              0    0.027759938     -6.2133574              0
  23.3     -1.0100115    -0.15984955              0      1.8922535     -5.9182732              0
  23.3    -0.91539885    -0.45576321              0      3.5820909     -5.0769288              0
  23.4     -0.7362943    -0.70960965              0      4.9412991     -3.7669807              0
  23.4    -0.48922935    -0.89795869              0      5.8444225     -2.1093381              0
  23.5    -0.19700823     -1.0034256              0       6.208102    -0.25700225              0
  23.5     0.11339688     -1.0162757              0        5.99877       1.619055              0
  23.6     0.41333538    -0.93532295              0      5.2357479      3.3456726              0
  23.6     0.67512277    -0.76803932              0       3.989463      4.7634825              0
  23.7     0.87459592     -0.5298652              0      2.3749483      5.7416201              0
  23.7     0.99334334    -0.24278419              0     0.54122445      6.1898027              0
  23.8      1.0204046    0.066705943              0     -1.3424548      6.0666627              0
  23.8     0.95328182     0.37003908              0     -3.1022246      5.3835661              0
  23.9     0.79817059     0.63921738              0     -4.5756572       4.203563              0
  23.9     0.56938773     0.84939553              0     -5.6267539      2.6355685              0
    24     0.28805004     0.98117396              0     -6.1584978     0.82430947              0
    24   -0.019874852      1.0223894              0     -6.1218086     -1.0630338              0
  24.1    -0.32596528     0.96923774              0     -5.5200727     -2.8522585              0
  24.1    -0.60196891     0.82662481              0     -4.4088308     -4.3782179              0
  24.2    -0.82241045     0.60771392              0     -2.8906511     -5.5000652              0
  24.2    -0.96694301     0.33271065              0     -1.1056625     -6.1142531              0
  24.3     -1.0222261    0.026997998              0     0.78137935     -6.1640918              0
  24.3    -0.98315716    -0.28120659              0      2.5962994      -5.644981              0
  24.4    -0.85334219    -0.56345564              0      4.1715795      -4.604835              0
  24.4    -0.64476322    -0.79369739              0      5.3618202       -3.13966              0
  24.5    -0.37667221    -0.95068039              0      6.0571617     -1.3846924              0
  24.5   -0.073814122      -1.019915              0      6.1934235     0.49808308              0
  24.6     0.23585705    -0.99501086              0      5.7580285      2.3348852              0
  24.6     0.52375848     -0.8782666              0       4.791164       3.956176              0
  24.7     0.76331667    -0.68045779              0      3.3820721      5.2123094              0
  24.7     0.93242028    -0.41984233              0      1.6608129      5.9873434              0
  24.8      1.0154609    -0.12047515              0    -0.21374028       6.209742              0
  24.8      1.0047739     0.19001195              0     -2.0685651      5.8589777              0
  24.9     0.90134566     0.48296083              0     -3.7324602      4.9674261              0
  24.9     0.71472265     0.73133214              0     -5.0518469      3.6173781              0
    25      0.4621303     0.91220104              0      -5.904945      1.9334439              0
    25     0.16688305      1.0088732              0     -6.2130132     0.07105162              0
  25.1    -0.14376761      1.0124258              0     -5.9476164     -1.7978987              0
  25.1    -0.44114843     0.92253088              0     -5.1332511      -3.500902              0
  25.2    -0.69781098     0.74748578              0     -3.8450835     -4.8807698              0
  25.2    -0.89006516     0.50344729              0     -2.2020124     -5.8101396              0
  25.3     -1.0001658     0.21294031              0    -0.35569423       -6.20323              0
  25.3     -1.0179505   -0.097221191              0      1.5234547     -6.0237585              0
  25.4    -0.94177775    -0.39840912              0      3.2619879     -5.2882904              0
  25.4    -0.77867835    -0.66282364              0      4.6994376     -4.0647099              0
  25.5    -0.54370647    -0.86605914              0      5.7031264     -2.4659543              0
  25.5    -0.25855015    -0.98935685              0      6.1804131    -0.63958948              0
  25.6    0.050470503     -1.0213363              0       6.087244      1.2458098              0
  25.6      0.3548327    -0.95904583              0      5.4322185      3.0162201              0
  25.7     0.62644362    -0.80823483              0      4.2757959      4.5082314              0
  25.7     0.84023342    -0.58282326              0      2.7247148      5.5841302              0
  25.8     0.97646916    -0.30361675              0     0.92214088      6.1446104              0
  25.8      1.0225762   0.0036137695              0    -0.96554723      6.1379394              0
  25.9     0.97429884     0.31051074              0     -2.7641147      5.5647328              0
  25.9     0.83609311     0.58874738              0     -4.3075528      4.4778979              0
    26     0.62071547     0.81264227              0     -5.4534011      2.9777504              0
    26     0.34804541     0.96152979              0     -6.0958971      1.2027547              0
  26.1    0.043250557      1.0216675              0     -6.1757382    -0.68325594              0
  26.1    -0.26553635     0.98750473              0     -5.6855549     -2.5062017              0
  26.2     -0.5498141     0.86219465              0     -4.6705914     -4.0978235              0
  26.2    -0.78334366     0.65730348              0     -3.2245294     -5.3112137              0
  26.3    -0.94457014     0.39174279              0     -1.4808415     -6.0343757              0
  26.3     -1.0186122    0.090024008              0     0.39952905     -6.2005611              0
  26.4    -0.99863576    -0.22000405              0      2.2430228     -5.7944309              0
  26.4    -0.88648462    -0.50972559              0      3.8794842     -4.8534713              0
  26.5    -0.69251041    -0.75239916              0      5.1578668     -3.4645333              0
  26.5    -0.43461707    -0.92562582              0      5.9601752     -1.7558168              0
  26.6    -0.13660831     -1.0134167              0      6.2123558     0.11496269              0
  26.6     0.17400948     -1.0076685              0      5.8911322       1.975131              0
  26.7     0.46856609    -0.90891197              0      5.0261535      3.6529936              0
  26.7     0.71987376    -0.72626229              0      3.6972578      4.9936826              0
  26.8     0.90473665    -0.47657816              0      2.0271029      5.8734517              0
  26.8      1.0060918    -0.18290558              0     0.16984521      6.2110976              0
  26.9      1.0145841      0.1276493              0     -1.7030893      5.9754554              0
  26.9     0.92942959     0.42642208              0     -3.4188276      5.1882751              0
    27     0.75848821     0.68583583              0     -4.8190061      3.9222138              0
    27     0.51753791     0.88194652              0     -5.7743874      2.2941298              0
  27.1     0.22881854     0.99665301              0     -6.1967892     0.45429625              0
  27.1   -0.081020918      1.0193678              0     -6.0472236     -1.4274692              0
  27.2     -0.3833821     0.94799437              0     -5.3394956     -3.1774783              0
  27.2    -0.65035687     0.78912045              0     -4.1389289     -4.6342042              0
  27.3    -0.85730332     0.55741024              0     -2.5563365     -5.6631903              0
  27.3    -0.98512014     0.27425073              0    -0.73779275     -6.1694605              0
  27.4     -1.0220098   -0.034222298              0      1.1488497     -6.1062857              0
  27.4    -0.96456729    -0.33953658              0      2.9294527     -5.4794971              0
  27.5    -0.81809466    -0.61351144              0      4.4396654     -4.3469475              0
  27.5    -0.59611139    -0.83085881              0      5.5400942      -2.813172              0
  27.6    -0.31910668    -0.97151741              0       6.129169     -1.0197391              0
  27.6   -0.012648227     -1.0225044              0      6.1525178     0.86781642              0
  27.7     0.29497766    -0.97911354              0      5.6079855      2.6752719              0
  27.7     0.57537694    -0.84534995              0      4.5458327      4.2357982              0
  27.8     0.80266857    -0.63356004              0      3.0640967      5.4053577              0
  27.8     0.95587341    -0.36329215              0      1.2995428      6.0759995              0
  27.9      1.0208505   -0.059492177              0    -0.58495973      6.1858227              0
  27.9     0.99160256     0.24979896              0     -2.4154701      5.7246908              0
    28     0.87082905      0.5360335              0     -4.0230311      4.7351665              0
    28      0.6696775     0.77279183              0     -5.2592639      3.3085834              0
  28.1      0.4067143     0.93822099              0     -6.0100635       1.576616              0
  28.1     0.10621113      1.0170518              0     -6.2061305    -0.30087397              0
  28.2     -0.2040954      1.0020081              0     -5.8293679     -2.1505931              0
  28.2    -0.49556379     0.89447844              0     -4.9145511     -3.8018112              0
  28.3    -0.74129135     0.70438788              0     -3.5461183     -5.1021198              0
  28.3    -0.91859727     0.44928189              0     -1.8503766     -5.9314996              0
  28.4     -1.0111161     0.15270691              0    0.016156037     -6.2133984              0
  28.4     -1.0103083    -0.15796301              0      1.8811974     -5.9217968              0
  28.5    -0.91624842    -0.45405285              0      3.5726031     -5.0836097              0
  28.5    -0.73761826    -0.70823333              0      4.9342554     -3.7762024              0
  28.6    -0.49090549    -0.89704345              0      5.8404729     -2.1202493              0
  28.6    -0.19888184     -1.0030559              0      6.2076112    -0.26859584              0
  28.7     0.11149872     -1.0164857              0      6.0017832      1.6078491              0
  28.7     0.41158788    -0.93609325              0       5.241987      3.3358886              0
  28.8     0.67368723    -0.76929882              0      3.9983522      4.7560236              0
  28.8     0.87360484    -0.53149764              0       2.385667      5.7371747              0
  28.9     0.99288819     -0.2446389              0     0.55278337      6.1887811              0
  28.9      1.0205274    0.064800154              0     -1.3311225      6.0691592              0
    29     0.95397123     0.36825812              0      -3.092165      5.3893503              0
    29     0.79936298     0.63772563              0     -4.5677988       4.212101              0
  29.1     0.57097304     0.84833068              0      -5.621822      2.6460723              0
  29.1     0.28988194     0.98063429              0     -6.1569476     0.83580943              0
  29.2   -0.017965438      1.0224248              0     -6.1237832     -1.0515991              0
  29.2     -0.3241546     0.96984481              0     -5.5253898     -2.8419444              0
  29.3    -0.60042409     0.82774759              0     -4.4169997     -4.3699765              0
  29.3    -0.82127407     0.60924876              0     -2.9009178     -5.4946571              0
  29.4    -0.96631996      0.3345159              0     -1.1170794     -6.1121776              0
  29.4     -1.0221739    0.028907025              0     0.76986614     -6.1655403              0
  29.5    -0.98368062    -0.27936999              0      2.5857525     -5.6498199              0
  29.5    -0.85439299    -0.56186098              0      4.1629724     -4.6126177              0
  29.6    -0.64624438    -0.79249187              0      5.3559474     -3.1496681              0
  29.6    -0.37844701    -0.94997527              0      6.0545651     -1.3960022              0
  29.7   -0.075718751     -1.0197754              0      6.1943429     0.48651559              0
  29.7     0.23399839     -0.9954496              0       5.762379      2.3241277              0
  29.8     0.52211734    -0.87924322              0       4.798544      3.9472213              0
  29.8     0.76204454    -0.68188215              0      3.3918005      5.2059841              0
  29.9     0.93163457    -0.42158295              0      1.6719918      5.9842313              0
  29.9      1.0152342    -0.12237138              0     -0.2021428      6.2101304              0
    30       1.005127     0.18813514              0     -2.0576195      5.8628306              0
    30     0.90224604     0.48127667              0     -3.7231767       4.974388              0
  30.1     0.71608721     0.72999607              0     -5.0450824      3.6268064              0
  30.1     0.46383309     0.91133639              0     -5.9013239      1.9444684              0
  30.2      0.1687669      1.0085598              0     -6.2128696    0.082654706              0
  30.2    -0.14187658      1.0126925              0     -5.9509637      -1.786788              0
  30.3    -0.43942477     0.92335314              0     -5.1397803     -3.4913092              0
  30.3    -0.69641378     0.74878768              0      -3.854192     -4.8735803              0
  30.4    -0.88912338     0.50510867              0     -2.2128594     -5.8060171              0
  30.4    -0.99976635     0.21480781              0    -0.36727855     -6.2025549              0
  30.5     -1.0181303   -0.095319932              0      1.5122023     -6.0265932              0
  30.5    -0.94252016    -0.39664959              0       3.252106     -5.2943732              0
  30.6    -0.77991486    -0.66136825              0      4.6918383     -4.0734794              0
  30.6    -0.54532295    -0.86504222              0      5.6985111     -2.4766009              0
  30.7    -0.26039739    -0.98887226              0      6.1792079    -0.65113069              0
  30.7    0.048563002     -1.0214288              0        6.08956      1.2344393              0
  30.8       0.353041    -0.95970683              0       5.437842      3.0060698              0
  30.8      0.6249331    -0.80940335              0      4.2842079      4.5002382              0
  30.9     0.83914349    -0.58439144              0      2.7351388      5.5790319              0
  30.9     0.97590043    -0.30543984              0     0.93361473      6.1428775              0
    31      1.0225812   0.0017040351              0    -0.95408254      6.1397319              0
    31     0.97487704     0.30869063              0     -2.7537174      5.5698852              0
  31.1     0.83719117     0.58718489              0     -4.2991825      4.4859348              0
  31.1     0.62223205     0.81148163              0     -5.4478304      2.9879298              0
  31.2     0.34984053     0.96087812              0     -6.0936403      1.2141371              0
  31.2    0.045158512       1.021585              0     -6.1770035    -0.67172115              0
  31.3    -0.26369166     0.98799892              0     -5.6902254     -2.4955792              0
  31.3    -0.54820293     0.86321996              0     -4.6782362     -4.0890937              0
  31.4    -0.78211474     0.65876527              0     -3.2344428     -5.3051824              0
  31.4    -0.94383688     0.39350615              0     -1.4921085     -6.0315996              0
  31.5     -1.0184423    0.091926176              0      0.3879484     -6.2012964              0
  31.5    -0.99904489    -0.21813864              0      2.2321974     -5.7986098              0
  31.6    -0.88743502    -0.50806913              0      3.8704132      -4.860708              0
  31.6    -0.69391436    -0.75110453              0      5.1513876     -3.4741599              0
  31.7    -0.43634498    -0.92481253              0      5.9568857     -1.7669447              0
  31.7    -0.13850069     -1.0131598              0      6.2125597     0.10336051              0
  31.8     0.17212729     -1.0079917              0      5.8948106      1.9641255              0
  31.8     0.46686782    -0.90978547              0      5.0329669      3.6436006              0
  31.9     0.71851617    -0.72760544              0      3.7065773       4.986769              0
  31.9     0.90384503    -0.47826699              0      2.0380684      5.8696557              0
    32      1.0057485     -0.1847842              0     0.18144455      6.2107696              0
    32      1.0148207     0.12575428              0     -1.6919268      5.9786257              0
  32.1     0.93022434     0.42468556              0     -3.4091322       5.194651              0
  32.1     0.75976773     0.68441811              0     -4.8116727      3.9312068              0
  32.2      0.5191841     0.88097845              0     -5.7700928      2.3049099              0
  32.2     0.23067946     0.99622394              0     -6.1959299     0.46586836              0
  32.3    -0.07911704      1.0195174              0     -6.0498789     -1.4161731              0
  32.3    -0.38161099     0.94870871              0     -5.3454204     -3.1675009              0
  32.4    -0.64888201     0.79033366              0     -4.1475763     -4.6264664              0
  32.4    -0.85626082     0.55901034              0     -2.5669084     -5.6584063              0
  32.5    -0.98460624     0.27609003              0    -0.74931334     -6.1680719              0
  32.5     -1.0220719   -0.032313568              0      1.1374438     -6.1084206              0
  32.6    -0.96519972     -0.3377346              0      2.9192142     -5.4849584              0
  32.6    -0.81923901    -0.61198252              0      4.4315394     -4.3552313              0
  32.7    -0.59766204    -0.82974409              0      5.5348308     -2.8235136              0
  32.7     -0.3209205    -0.97091977              0      6.1272539     -1.0311839              0
  32.8   -0.014557799      -1.022479              0      6.1541278     0.85632468              0
  32.8     0.29314859    -0.97966273              0      5.6129719       2.664794              0
  32.9     0.57379719    -0.84642303              0      4.5537354      4.2273012              0
  32.9     0.80148396    -0.63505797              0      3.0741862      5.3996259              0
    33     0.95519327    -0.36507667              0      1.3108878      6.0735619              0
    33      1.0207377   -0.061398579              0    -0.57340628      6.1869044              0
  33.1     0.99206735     0.24794664              0     -2.4047747      5.7291919              0
  33.1     0.87182861     0.53440624              0     -4.0141809      4.7426715              0
  33.2     0.67111957     0.77153981              0     -5.2530758      3.3183996              0
  33.2     0.40846578     0.93745979              0     -6.0071086      1.5878374              0
  33.3     0.10811035      1.0168517              0     -6.2066816    -0.28928309              0
  33.3    -0.20222373      1.0023875              0     -5.8333741     -2.1397026              0
  33.4    -0.49389243     0.89540238              0     -4.9216427     -3.7926263              0
  33.4    -0.73997457     0.70577106              0     -3.5556406     -5.0954883              0
  33.5     -0.9177566     0.45099665              0     -1.8614508     -5.9280336              0
  33.5     -1.0108291     0.15459497              0   0.0045520798     -6.2134178              0
  33.6     -1.0106015    -0.15607592              0      1.8701348     -5.9252997              0
  33.6     -0.9170948     -0.4523409              0      3.5631029     -5.0902729              0
  33.7    -0.73893965    -0.70685455              0      4.9271945     -3.7854108              0
  33.7    -0.49257992    -0.89612509              0       5.836503      -2.131153              0
  33.8    -0.20075477     -1.0026827              0      6.2070988     -0.2801885              0
  33.8     0.10960017     -1.0166922              0      6.0047755      1.5966376              0
  33.9     0.40983895    -0.93686028              0      5.2482079      3.3260931              0
  33.9     0.67224934    -0.77055563              0      4.0072274      4.7485481              0
    34     0.87261071    -0.53312822              0      2.3963774      5.7327093              0
    34     0.99242958    -0.24649276              0     0.56434036      6.1877379              0
  34.1      1.0206466    0.062894139              0     -1.3197857      6.0716346              0
  34.1     0.95465732     0.36647587              0     -3.0820947      5.3951157              0
  34.2     0.80055258     0.63623165              0     -4.5599245      4.2206243              0
  34.2     0.57255636     0.84726287              0     -5.6168705      2.6565668              0
  34.3     0.29171283     0.98009121              0     -6.1553759     0.84730648              0
  34.3   -0.016055962      1.0224565              0     -6.1257364     -1.0401607              0
  34.4    -0.32234278      0.9704485              0     -5.5306877     -2.8316204              0
  34.4    -0.59887717     0.82886748              0     -4.4251532     -4.3617199              0
  34.5    -0.82013483     0.61078148              0     -2.9111743     -5.4892299              0
  34.5    -0.96569354     0.33631999              0     -1.1284923     -6.1100807              0
  34.6     -1.0221182    0.030815952              0     0.75835025     -6.1669673              0
  34.6    -0.98420065    -0.27753241              0      2.5751966     -5.6546391              0
  34.7    -0.85544082    -0.56026437              0      4.1543508     -4.6203843              0
  34.7    -0.64772328    -0.79128358              0      5.3500558     -3.1596652              0
  34.8    -0.38022049    -0.94926684              0      6.0519474      -1.407307              0
  34.8   -0.077623117     -1.0196322              0      6.1952407      0.4749464              0
  34.9     0.23213892    -0.99588487              0      5.7667094       2.313362              0
  34.9     0.52047439    -0.88021677              0      4.8059074      3.9382528              0
    35     0.76076975    -0.68330413              0      3.4015171      5.1996406              0
    35     0.93084561     -0.4233221              0      1.6831648      5.9810983              0
  35.1      1.0150039    -0.12426719              0    -0.19054462      6.2104971              0
  35.1      1.0054766     0.18625767              0     -2.0466667      5.8666631              0
  35.2     0.90314329     0.47959082              0     -3.7138802      4.9813327              0
  35.2     0.71744928     0.72865746              0     -5.0383003      3.6362221              0
  35.3     0.46553426     0.91046856              0     -5.8976822      1.9554861              0
  35.3     0.17065016      1.0082429              0     -6.2127044    0.094257503              0
  35.4    -0.13998507      1.0129557              0     -5.9542903     -1.7756711              0
  35.4    -0.43769958     0.92417219              0     -5.1462916     -3.4817042              0
  35.5    -0.69501416     0.75008698              0      -3.863287     -4.8663739              0
  35.5    -0.88817851     0.50676828              0     -2.2236986     -5.8018743              0
  35.6    -0.99936344     0.21667457              0    -0.37886159     -6.2018582              0
  35.6     -1.0183065   -0.093418341              0      1.5009446     -6.0294068              0
  35.7    -0.94325929    -0.39488868              0      3.2422127     -5.3004375              0
  35.7    -0.78114865    -0.65991055              0      4.6842227     -4.0822346              0
  35.8    -0.54693752    -0.86402228              0       5.693876     -2.4872389              0
  35.8    -0.26224372    -0.98838423              0      6.1779811    -0.66266963              0
  35.9    0.046655332     -1.0215177              0      6.0918547      1.2230645              0
  35.9     0.35124807    -0.96036449              0      5.4434465       2.995909              0
    36      0.6234204    -0.81056904              0      4.2926049      4.4922293              0
    36     0.83805064    -0.58595757              0      2.7455532      5.5739141              0
  36.1      0.9753283    -0.30726187              0     0.94508533      6.1411232              0
  36.1      1.0225826 -0.00020570534              0    -0.94261453       6.141503              0
  36.2     0.97545184     0.30686944              0     -2.7433105      5.5750183              0
  36.2     0.83828632     0.58562036              0     -4.2907972       4.493956              0
  36.3     0.62374646     0.81031815              0     -5.4422408      2.9980988              0
  36.3     0.35163442     0.96022309              0     -6.0913622      1.2255153              0
  36.4    0.047066311      1.0214989              0     -6.1782472    -0.66018402              0
  36.4    -0.26184605     0.98848966              0     -5.6948762     -2.4849479              0
  36.5    -0.54658986     0.86424226              0     -4.6858647     -4.0803497              0
  36.5    -0.78088309     0.66022478              0      -3.244345     -5.2991326              0
  36.6    -0.94310034     0.39526815              0     -1.5033703     -6.0288024              0
  36.6     -1.0182689    0.093828024              0     0.37636639     -6.2020101              0
  36.7    -0.99945053    -0.21627248              0      2.2213642     -5.8027685              0
  36.7    -0.88838232    -0.50641091              0      3.8613288     -4.8679278              0
  36.8    -0.69531588    -0.74980729              0      5.1448904     -3.4837744              0
  36.8    -0.43807136    -0.92399601              0      5.9535754     -1.7780665              0
  36.9    -0.14039259     -1.0128993              0      6.2127419    0.091757969              0
  36.9      0.1702445     -1.0083114              0      5.8984684      1.9531131              0
    37     0.46516792    -0.91065579              0      5.0397628      3.6341948              0
    37     0.71715606    -0.72894605              0       3.715884      4.9798381              0
  37.1     0.90295026    -0.47995414              0      2.0490268      5.8658392              0
  37.1      1.0054016    -0.18666218              0     0.19304325      6.2104199              0
  37.2      1.0150538     0.12385881              0     -1.6807583       5.981775              0
  37.2     0.93101585     0.42294757              0     -3.3994249      5.2010087              0
  37.3      0.7610446       0.682998              0     -4.8043225      3.9401861              0
  37.3     0.52082848      0.8800073              0     -5.7657782      2.3156819              0
  37.4     0.23253957      0.9957914              0     -6.1950491     0.47743886              0
  37.4   -0.077212887      1.0196633              0     -6.0525132     -1.4048721              0
  37.5    -0.37983854     0.94941974              0     -5.3513266     -3.1575124              0
  37.5    -0.64740487     0.79154411              0     -4.1562093     -4.6187125              0
  37.6    -0.85521534     0.56060849              0     -2.5774714     -5.6536026              0
  37.6    -0.98408891     0.27792836              0    -0.76083131     -6.1666617              0
  37.6     -1.0221305   -0.030404725              0       1.126034     -6.1105342              0
  37.7    -0.96582878    -0.33593144              0      2.9089656     -5.4904007              0
  37.7    -0.82038049    -0.61045147              0       4.423398     -4.3634999              0
  37.8    -0.59921059    -0.82862647              0       5.529548     -2.8338453              0
  37.8    -0.32273319    -0.97031873              0      6.1253174     -1.0426252              0
  37.9    -0.01646732       -1.02245              0      6.1557163     0.84482995              0
  37.9      0.2913185    -0.98020849              0      5.6179388      2.6543067              0
    38     0.57221544    -0.84749316              0      4.5616222      4.2187894              0
    38     0.80029655    -0.63655369              0       3.084265      5.3938753              0
  38.1      0.9545098    -0.36685992              0      1.3222283      6.0711031              0
  38.1      1.0206212   -0.063304766              0    -0.56185083      6.1879645              0
  38.2     0.99252867     0.24609346              0     -2.3940708       5.733673              0
  38.2     0.87282513     0.53277711              0     -4.0053166        4.75016              0
  38.3      0.6725593     0.77028511              0     -5.2468693      3.3282043              0
  38.3     0.41021584     0.93669532              0     -6.0041327      1.5990533              0
  38.4      0.1100092       1.016648              0      -6.207211     -0.2776912              0
  38.4    -0.20035135      1.0027634              0       -5.83736     -2.1288047              0
  38.5    -0.49221935     0.89632319              0     -4.9287171     -3.7834282              0
  38.5     -0.7386552     0.70715178              0     -3.5651506      -5.088839              0
  38.6    -0.91691273     0.45270984              0     -1.8725185     -5.9245468              0
  38.6     -1.0105387     0.15648249              0  -0.0070518935     -6.2134154              0
  38.7     -1.0108913    -0.15418828              0      1.8590657      -5.928782              0
  38.7    -0.91793797    -0.45062738              0      3.5535903     -5.0969184              0
  38.8    -0.74025846     -0.7054733              0      4.9201164     -3.7946061              0
  38.8    -0.49425264     -0.8952036              0      5.8325128     -2.1420494              0
  38.9      -0.202627     -1.0023061              0      6.2065647    -0.29178017              0
  38.9     0.10770124     -1.0168951              0      6.0077469      1.5854205              0
    39     0.40808858    -0.93762405              0      5.2544104      3.3162859              0
    39      0.6708091    -0.77180976              0      4.0160887      4.7410561              0
  39.1     0.87161354    -0.53475695              0      2.4070795      5.7282239              0
  39.1     0.99196751    -0.24834576              0     0.57589538      6.1866732              0
  39.2      1.0207623    0.060987905              0     -1.3084442      6.0740888              0
  39.2     0.95534007     0.36469235              0     -3.0720136      5.4008623              0
  39.3     0.80173939     0.63473546              0     -4.5520342      4.2291329              0
  39.3     0.57413768     0.84619211              0     -5.6118994       2.667052              0
  39.4     0.29354271     0.97954471              0     -6.1537828     0.85880057              0
  39.4   -0.014146429      1.0224847              0     -6.1276683     -1.0287187              0
  39.5    -0.32052984      0.9710488              0     -5.5359663     -2.8212866              0
  39.5    -0.59732816     0.82998447              0     -4.4332913      -4.353448              0
  39.6    -0.81899272     0.61231207              0     -2.9214207     -5.4837835              0
  39.6    -0.96506376      0.3381229              0     -1.1399013     -6.1079625              0
  39.7     -1.0220588    0.032724771              0     0.74683171     -6.1683728              0
  39.7    -0.98471724    -0.27569387              0      2.5646317     -5.6594386              0
  39.8    -0.85648566     -0.5586658              0      4.1457146     -4.6281347              0
  39.8    -0.64919992    -0.79007254              0      5.3441456     -3.1696512              0
  39.9    -0.38199264     -0.9485551              0      6.0493087      -1.418607              0
  39.9   -0.079527212     -1.0194854              0      6.1961169     0.46337555              0
    40     0.23027863    -0.99631667              0      5.7710197      2.3025882              0
    40     0.51882962    -0.88118726              0      4.8132539      3.9292706              0
  40.1     0.75949231    -0.68472373              0      3.4112219       5.193279              0
  40.1     0.93005341    -0.42505978              0       1.694332      5.9779445              0
  40.2        1.01477    -0.12616256              0    -0.17894578      6.2108421              0
  40.2      1.0058227     0.18437955              0     -2.0357067      5.8704752              0
  40.3     0.90403738     0.47790331              0     -3.7045707      4.9882599              0
  40.3     0.71880884      0.7273163              0     -5.0315006      3.6456251              0
  40.4     0.46723381     0.90959756              0     -5.8940199       1.966497              0
  40.4     0.17253282      1.0079224              0     -6.2125176     0.10585997              0
  40.5    -0.13809306      1.0132154              0     -5.9575961      -1.764548              0
  40.5    -0.43597287     0.92498801              0     -5.1527849     -3.4720871              0
  40.6    -0.69361211     0.75138365              0     -3.8723685     -4.8591505              0
  40.6    -0.88723054     0.50842613              0     -2.2345301     -5.7977113              0
  40.7    -0.99895704     0.21854057              0     -0.3904433     -6.2011398              0
  40.7     -1.0184792   -0.091516424              0      1.4896817     -6.0321994              0
  40.8    -0.94399512    -0.39312639              0      3.2323082     -5.3064833              0
  40.8    -0.78237972    -0.65845056              0      4.6765906     -4.0909755              0
  40.9    -0.54855018    -0.86299933              0      5.6892209     -2.4978683              0
  40.9    -0.26408914    -0.98789275              0      6.1767327    -0.67420626              0
    41    0.044747499     -1.0216031              0      6.0941283      1.2116854              0
    41     0.34945391    -0.96101879              0      5.4490321      2.9857378              0
  41.1     0.62190552     -0.8117319              0       4.300987      4.4842047              0
  41.1     0.83695487    -0.58752167              0      2.7559581      5.5687769              0
  41.2     0.97475277    -0.30908282              0     0.95655263      6.1393475              0
  41.2      1.0225804   -0.002115445              0    -0.93114322      6.1432527              0
  41.3     0.97602324     0.30504719              0      -2.732894      5.5801318              0
  41.3     0.83937854     0.58405378              0      -4.282397      4.5019615              0
  41.4     0.62525869     0.80915185              0     -5.4366321      3.0082573              0
  41.4     0.35342709     0.95956472              0     -6.0890628      1.2368892              0
  41.5    0.048973945      1.0214092              0     -6.1794693    -0.64864459              0
  41.5    -0.25999952     0.98897695              0     -5.6995071     -2.4743081              0
  41.6    -0.54497487     0.86526155              0     -4.6934768     -4.0715914              0
  41.6    -0.77964871     0.66168198              0     -3.2542358     -5.2930644              0
  41.7     -0.9423605     0.39702876              0     -1.5146269     -6.0259843              0
  41.7     -1.0180918    0.095729544              0     0.36478307     -6.2027022              0
  41.8    -0.99985269    -0.21440556              0      2.2105233     -5.8069069              0
  41.8    -0.88932653    -0.50475091              0      3.8522309     -4.8751306              0
  41.9    -0.69671498    -0.74850744              0      5.1383752     -3.4933767              0
  41.9    -0.43979622    -0.92317628              0      5.9502444     -1.7891821              0
    42      -0.142284     -1.0126354              0      6.2129024    0.080155106              0
    42     0.16836112     -1.0086276              0      5.9021057       1.942094              0
  42.1      0.4634664    -0.91152293              0      5.0465411      3.6247764              0
  42.1     0.71579346    -0.73028411              0      3.7251777      4.9728897              0
  42.2     0.90205234    -0.48163962              0      2.0599781      5.8620023              0
  42.2      1.0050512    -0.18853951              0     0.20464128      6.2100485              0
  42.3      1.0152833     0.12196292              0     -1.6695841      5.9849035              0
  42.3     0.93180411     0.42120809              0     -3.3897058      5.2073482              0
  42.4     0.76231882     0.68157551              0     -4.7969556      3.9491516              0
  42.4     0.52247104     0.87903309              0     -5.7614435      2.3264458              0
  42.5     0.23439887     0.99535538              0     -6.1941466     0.48900769              0
  42.5   -0.075308464      1.0198058              0     -6.0551263     -1.3935661              0
  42.6    -0.37806478     0.95012745              0     -5.3572141      -3.147513              0
  42.6    -0.64592548      0.7927518              0     -4.1648278     -4.6109424              0
  42.7    -0.85416687     0.56220468              0     -2.5880254     -5.6487791              0
  42.7    -0.98356814     0.27976573              0    -0.77234663     -6.1652301              0
  42.8     -1.0221855   -0.028495777              0      1.1146202     -6.1126265              0
  42.8    -0.96645447     -0.3341271              0      2.8987069     -5.4958238              0
  42.9    -0.82151912    -0.60891829              0      4.4152412     -4.3717532              0
  42.9    -0.60075706    -0.82750595              0       5.524246     -2.8441672              0
    43    -0.32454476    -0.96971431              0      6.1233596     -1.0540628              0
    43   -0.018376784     -1.0224175              0      6.1572834     0.83333227              0
  43.1     0.28948738    -0.98075084              0      5.6228861      2.6438102              0
  43.1     0.57063169    -0.84856033              0      4.5694931      4.2102629              0
  43.2     0.79910634    -0.63804718              0      3.0943331      5.3881058              0
  43.2       0.953823    -0.36864189              0      1.3335642      6.0686232              0
  43.3      1.0205012   -0.065210733              0    -0.55029342       6.189003              0
  43.3     0.99298654     0.24423942              0     -2.3833586      5.7381341              0
  43.4      0.8738186     0.53114612              0     -3.9964384      4.7576319              0
  43.4     0.67399668     0.76902771              0     -5.2406445      3.3379974              0
  43.5     0.41196446     0.93592758              0     -6.0011359      1.6102637              0
  43.5     0.11190767      1.0164408              0     -6.2077188    -0.26609834              0
  43.6    -0.19847827      1.0031358              0     -5.8413255     -2.1178993              0
  43.6    -0.49054455     0.89724088              0     -4.9357743     -3.7742169              0
  43.7    -0.73733326     0.70853004              0     -3.5746481      -5.082172              0
  43.7    -0.91606567     0.45442144              0     -1.8835798     -5.9210395              0
  43.8     -1.0102447     0.15836947              0   -0.018655842     -6.2133914              0
  43.8     -1.0111774     -0.1523001              0        1.84799     -5.9322436              0
  43.9    -0.91877795    -0.44891228              0      3.5440653      -5.103546              0
  43.9    -0.74157468    -0.70408958              0      4.9130212     -3.8037881              0
    44    -0.49592363    -0.89427899              0      5.8285022     -2.1529382              0
    44    -0.20449852     -1.0019259              0       6.206009    -0.30337083              0
  44.1     0.10580193     -1.0170944              0      6.0106973      1.5741979              0
  44.1      0.4063368    -0.93838455              0      5.2605946      3.3064672              0
  44.2     0.66936653    -0.77306119              0      4.0249359      4.7335475              0
  44.2     0.87061332    -0.53638382              0      2.4177731      5.7237186              0
  44.3     0.99150198    -0.25019789              0      0.5874484      6.1855869              0
  44.3      1.0208744    0.059081458              0     -1.2970982      6.0765218              0
  44.4     0.95601949     0.36290755              0     -3.0619218      5.4065901              0
  44.4      0.8029234     0.63323705              0     -4.5441281      4.2376268              0
  44.5       0.575717     0.84511839              0     -5.6069087      2.6775279              0
  44.5     0.29537156     0.97899479              0     -6.1521682     0.87029167              0
  44.6   -0.012236847      1.0225094              0     -6.1295788     -1.0172731              0
  44.6    -0.31871579     0.97164572              0     -5.5412256     -2.8109429              0
  44.7    -0.59577707     0.83109857              0     -4.4414139     -4.3451609              0
  44.7    -0.81784776     0.61384053              0      -2.931657      -5.478318              0
  44.8    -0.96443061     0.33992463              0     -1.1513063      -6.105823              0
  44.8     -1.0219959    0.034633475              0     0.73531056     -6.1697568              0
  44.9     -0.9852304    -0.27385437              0      2.5540579     -5.6642183              0
  44.9    -0.85752751    -0.55706528              0      4.1370641     -4.6358691              0
    45     -0.6506743    -0.78885874              0      5.3382167     -3.1796262              0
    45    -0.38376347    -0.94784005              0      6.0466488      -1.429902              0
  45.1   -0.081431029     -1.0193351              0      6.1969714     0.45180309              0
  45.1     0.22841754    -0.99674499              0      5.7753099      2.2918065              0
  45.2     0.51718304    -0.88215467              0      4.8205837      3.9202747              0
  45.2     0.75821222    -0.68614093              0      3.4209147      5.1868992              0
  45.3     0.92925796    -0.42679597              0      1.7054932      5.9747698              0
  45.3      1.0145326    -0.12805749              0    -0.16734631      6.2111654              0
  45.4      1.0061653     0.18250079              0     -2.0247397      5.8742668              0
  45.4     0.90492832     0.47621413              0     -3.6952484      4.9951697              0
  45.5      0.7201659     0.72597261              0     -5.0246834      3.6550154              0
  45.5     0.46893173     0.90872338              0     -5.8903371       1.977501              0
  45.6     0.17441488      1.0075984              0      -6.212309     0.11746207              0
  45.6    -0.13620057      1.0134715              0     -5.9608811     -1.7534187              0
  45.7    -0.43424463      0.9258006              0     -5.1592603     -3.4624579              0
  45.7    -0.69220764     0.75267771              0     -3.8814365     -4.8519101              0
  45.8    -0.88627947     0.51008221              0     -2.2453539      -5.793528              0
  45.8    -0.99854716      0.2204058              0    -0.40202366     -6.2003998              0
  45.9     -1.0186483   -0.089614187              0      1.4784136     -6.0349709              0
  45.9    -0.94472767    -0.39136273              0      3.2223923     -5.3125106              0
    46    -0.78360805    -0.65698826              0      4.6689423     -4.0997023              0
    46    -0.55016093    -0.86197338              0      5.6845461     -2.5084889              0
  46.1    -0.26593363    -0.98739782              0      6.1754628    -0.68574054              0
  46.1    0.042839511     -1.0216848              0      6.0963806      1.2003021              0
  46.2     0.34765854    -0.96166974              0      5.4545987      2.9755562              0
  46.2     0.62038847    -0.81289194              0       4.309354      4.4761645              0
  46.3     0.83585617    -0.58908371              0      2.7663533      5.5636202              0
  46.3     0.97417384     -0.3109027              0      0.9680166      6.1375504              0
  46.4      1.0225747  -0.0040251773              0    -0.91966867      6.1449809              0
  46.4     0.97659124     0.30322387              0      -2.722468       5.585226              0
  46.5     0.84046784     0.58248517              0     -4.2739818      4.5099513              0
  46.5     0.62676875     0.80798273              0     -5.4310045      3.0184053              0
  46.6     0.35521852       0.958903              0     -6.0867422      1.2482587              0
  46.6    0.050881408      1.0213159              0     -6.1806699    -0.63710289              0
  46.7    -0.25815209     0.98946079              0      -5.704118     -2.4636595              0
  46.7    -0.54335799     0.86627781              0     -4.7010726     -4.0628189              0
  46.8    -0.77841162     0.66313687              0     -3.2641153     -5.2869776              0
  46.8    -0.94161738     0.39878799              0     -1.5258781     -6.0231451              0
  46.9     -1.0179113     0.09763073              0     0.35319848     -6.2033726              0
  46.9     -1.0002514     -0.2125379              0      2.1996747     -5.8110251              0
    47    -0.89026763    -0.50308915              0      3.8431195     -4.8823164              0
    47    -0.69811166    -0.74720497              0      5.1318421     -3.5029669              0
  47.1    -0.44151955    -0.92235332              0      5.9468926     -1.8002915              0
  47.1    -0.14417492     -1.0123679              0      6.2130413    0.068551963              0
  47.2     0.16647714     -1.0089403              0      5.9057224       1.931068              0
  47.2     0.46176326    -0.91238689              0      5.0533018      3.6153453              0
  47.3     0.71442836    -0.73161963              0      3.7344584       4.965924              0
  47.3     0.90115128    -0.48332343              0      2.0709222       5.858145              0
  47.4      1.0046974    -0.19041618              0     0.21623859      6.2096555              0
  47.4      1.0155093      0.1200666              0     -1.6584039      5.9880111              0
  47.5     0.93258912     0.41946716              0     -3.3799748      5.2136697              0
  47.5     0.76359038     0.68015064              0     -4.7895719      3.9581033              0
  47.6     0.52411178      0.8780558              0     -5.7570886      2.3372016              0
  47.6     0.23625735     0.99491589              0     -6.1932226     0.50057481              0
  47.7   -0.073403779      1.0199446              0     -6.0577183     -1.3822554              0
  47.7    -0.37628969     0.95083186              0      -5.363083     -3.1375025              0
  47.8    -0.64444384     0.79395673              0     -4.1734318     -4.6031563              0
  47.8    -0.85311543     0.56379891              0     -2.5985703      -5.643936              0
  47.9    -0.98304395     0.28160212              0    -0.78385925     -6.1637769              0
  47.9     -1.0222369   -0.026586728              0      1.1032025     -6.1146975              0
    48    -0.96707678     -0.3323216              0       2.888438     -5.5012278              0
    48    -0.82265488    -0.60738299              0      4.4070689     -4.3799914              0
  48.1    -0.60230144    -0.82638256              0      5.5189247     -2.8544791              0
  48.1     -0.3263552    -0.96910651              0      6.1213804     -1.0654967              0
  48.2   -0.020286184     -1.0223814              0      6.1588289     0.82183169              0
  48.2     0.28765526    -0.98128977              0      5.6278138      2.6333045              0
  48.3     0.56904595    -0.84962454              0      4.5773481      4.2017218              0
  48.3     0.79791336    -0.63953845              0      3.1043903      5.3823175              0
  48.4     0.95313287    -0.37042258              0      1.3448954      6.0661221              0
  48.4      1.0203776   -0.067116472              0    -0.53873409      6.1900199              0
  48.5     0.99344094     0.24238452              0     -2.3726381      5.7425751              0
  48.5     0.87480903     0.52951328              0     -3.9875463      4.7650872              0
  48.6     0.67543172     0.76776764              0     -5.2344014      3.3477788              0
  48.6     0.41371165     0.93515658              0     -5.9981181      1.6214684              0
  48.7     0.11380574        1.01623              0     -6.2082049    -0.25450456              0
  48.7    -0.19660451      1.0035048              0     -5.8452706     -2.1069866              0
  48.8    -0.48886804     0.89815544              0     -4.9428143     -3.7649924              0
  48.8    -0.73600875     0.70990582              0     -3.5841332     -5.0754872              0
  48.9    -0.91521541     0.45613146              0     -1.8946344     -5.9175114              0
  48.9     -1.0099471     0.16025589              0   -0.030259726     -6.2133457              0
    49     -1.0114601     -0.1504114              0      1.8369079     -5.9356845              0
    49    -0.91961472    -0.44719562              0      3.5345279     -5.1101559              0
  49.1    -0.74288832    -0.70270342              0      4.9059088     -3.8129569              0
  49.1    -0.49759289    -0.89335126              0      5.8244713     -2.1638196              0
  49.2    -0.20636932     -1.0015422              0      6.2054316    -0.31496043              0
  49.2     0.10390226     -1.0172903              0      6.0136267      1.5629698              0
  49.3     0.40458359    -0.93914177              0      5.2667605      3.2966369              0
  49.3     0.66792162    -0.77430993              0      4.0337691      4.7260224              0
  49.4     0.86961007    -0.53800881              0      2.4284583      5.7191932              0
  49.4     0.99103299    -0.25204915              0     0.59899936       6.184479              0
  49.5       1.020983    0.057174805              0     -1.2857476      6.0789336              0
  49.5     0.95669558     0.36112149              0     -3.0518193       5.412299              0
  49.6     0.80410461     0.63173644              0     -4.5362061      4.2461058              0
  49.6     0.57729431     0.84404173              0     -5.6018985      2.6879945              0
  49.7     0.29719938     0.97844146              0     -6.1505321     0.88177973              0
  49.7   -0.010327222      1.0225304              0      -6.131468     -1.0058239              0
  49.8    -0.31690062     0.97223925              0     -5.5464656     -2.8005894              0
  49.8     -0.5942239     0.83220978              0      -4.449521     -4.3368587              0
  49.9    -0.81669995     0.61536684              0      -2.941883     -5.4728334              0
  49.9     -0.9637941     0.34172517              0     -1.1627074     -6.1036622              0
    50     -1.0219295     0.03654206              0     0.72378686     -6.1711193              0
