  time              x              y              z             vx             vy             vz
     0    -0.98574012    -0.27201391              0      2.5434751     -5.6689783              0
  0.05    -0.81307416     -0.5429093              0      4.3120401     -4.8445191              0
   0.1    -0.55453611    -0.75646582              0      5.8340306     -3.3663368              0
  0.15     -0.2296711    -0.87954297              0      6.7990619     -1.3059234              0
   0.2     0.12537008    -0.88705815              0      6.9287347      1.0673153              0
  0.25     0.46320237    -0.77281144              0      6.1316143      3.3277427              0
   0.3     0.73853152    -0.55428389              0      4.5808081      5.0653652              0
  0.35     0.92128318    -0.26627492              0      2.6240577      6.0581582              0
   0.4      1.0009373    0.051531932              0     0.61187294      6.3056208              0
  0.45     0.98247047     0.36428716              0     -1.2121729      5.9425918              0
   0.5        0.87972     0.64579111              0     -2.7230489        5.13968              0
  0.55     0.71016559     0.87825516              0     -3.8775551      4.0476719              0
   0.6     0.49196449      1.0505583              0     -4.6750576      2.7818663              0
  0.65     0.24265983      1.1564418              0     -5.1312566      1.4258662              0
   0.7    -0.02116117      1.1931449              0     -5.2641298     0.04110217              0
  0.75    -0.28375316       1.160552              0     -5.0876208     -1.3235149              0
   0.8    -0.52992325      1.0607934              0     -4.6097211     -2.6230934              0
  0.85    -0.74472527     0.89824266              0     -3.8333499     -3.8090847              0
   0.9    -0.91325824     0.67988496              0     -2.7599381     -4.8218121              0
  0.95     -1.0207191     0.41606146              0      -1.396979     -5.5830943              0
     1     -1.0529561     0.12157553              0     0.22793279     -5.9904784              0
  1.05     -0.9979258    -0.18298639              0      2.0437111     -5.9183044              0
   1.1    -0.84858502    -0.47025491              0      3.9039799     -5.2371114              0
  1.15    -0.60752781    -0.70669753              0       5.561947     -3.8671247              0
   1.2    -0.29239032    -0.85696738              0      6.6914664     -1.8661066              0
  1.25    0.061618832    -0.89330819              0      6.9954766     0.50120235              0
   1.3     0.40715733    -0.80684715              0      6.3663867      2.8080032              0
  1.35      0.6982575    -0.61250787              0      4.9619934      4.6411818              0
   1.4     0.90335667    -0.34272897              0      3.1134849      5.7706094              0
  1.45       1.009606   -0.035446927              0      1.1585052      6.1795736              0
   1.5      1.0192072      0.2752284              0    -0.66288956      5.9826441              0
  1.55     0.94331704     0.56281749              0     -2.2202392      5.3326828              0
   1.6     0.79718328     0.80849668              0     -3.4601939      4.3684367              0
  1.65     0.59729764     0.99966116              0     -4.3710138      3.1985181              0
   1.7      0.3600819      1.1283485              0     -4.9582065      1.9034981              0
  1.75     0.10147699       1.190011              0     -5.2308869     0.54383924              0
   1.8    -0.16300679      1.1827324              0     -5.1951417    -0.83148373              0
  1.85    -0.41803718      1.1068626              0     -4.8515104     -2.1769466              0
   1.9    -0.64815783     0.96503775              0     -4.1952188     -3.4427656              0
  1.95    -0.83755906     0.76258604              0     -3.2192326     -4.5669116              0
     2    -0.97008109     0.50834659              0      -1.921618     -5.4667101              0
  2.05     -1.0297209     0.21591503              0    -0.32016465     -6.0316071              0
   2.1     -1.0020976   -0.094814117              0      1.5222477     -6.1228265              0
  2.15    -0.87749609    -0.39636762              0      3.4622049     -5.5928387              0
   2.2    -0.65587706    -0.65409799              0       5.246854     -4.3423433              0
  2.25    -0.35281069    -0.83060195              0      6.5351381     -2.4146139              0
   2.3  -0.0023632483    -0.89555938              0      7.0121961   -0.068578258              0
  2.35     0.34840892    -0.83745977              0      6.5546514      2.2695834              0
   2.4     0.65310189    -0.66860103              0      5.3043914      4.1853782              0
  2.45     0.87884806    -0.41892196              0      3.5750038      5.4416146              0
   2.5      1.0106023    -0.12443958              0      1.6902923      6.0059837              0
  2.55      1.0478773     0.18167641              0    -0.11427633      5.9732554              0
   2.6     0.99917464     0.47288596              0     -1.7040982      5.4786778              0
  2.65     0.87746747     0.72954419              0     -3.0169471      4.6486097              0
   2.7     0.69747993     0.93774693              0     -4.0309998      3.5842498              0
  2.75     0.47436749      1.0879692              0      -4.742267      2.3622186              0
   2.8     0.22325323      1.1739688              0     -5.1514026      1.0410336              0
  2.85    -0.04077277      1.1920725              0     -5.2568062    -0.33124391              0
   2.9    -0.30242739      1.1408444              0     -5.0515411     -1.7094273              0
  2.95    -0.54592688      1.0211298              0     -4.5229202     -3.0434688              0
     3    -0.75471942     0.83649753              0     -3.6549876      -4.269947              0
  3.05    -0.91142564     0.59413509              0     -2.4356311     -5.3025786              0
   3.1    -0.99828253     0.30623966              0    -0.87176368     -6.0233764              0
  3.15    -0.99860201  -0.0082025445              0     0.98323602     -6.2807154              0
   3.2    -0.89995892    -0.32183187              0      2.9901833     -5.9087849              0
  3.25    -0.69958367    -0.59908103              0       4.891202     -4.7882387              0
   3.3    -0.41083872    -0.80065574              0       6.331282     -2.9471971              0
  3.35   -0.066455474    -0.89380075              0      6.9787647     -0.6376437              0
   3.4     0.28703775    -0.86442011              0      6.6949556      1.7166582              0
  3.45     0.60304009    -0.72213493              0      5.6053354      3.7015641              0
   3.5     0.84757128    -0.49426371              0      4.0049837      5.0738882              0
  3.55      1.0035385    -0.21474611              0      2.2029875      5.7864419              0
   3.6        1.06787    0.084380485              0     0.42918293      5.9147784              0
  3.65      1.0464567     0.37673173              0     -1.1789672      5.5767672              0
   3.7     0.94997332      0.6420572              0     -2.5516505      4.8861314              0
  3.75      0.7912917     0.86534487              0     -3.6580269      3.9360266              0
   3.8     0.58417063      1.0356599              0     -4.4853755      2.7982862              0
  3.85     0.34275415      1.1451735              0     -5.0263813      1.5285634              0
   3.9    0.081532501      1.1885162              0     -5.2720274     0.17305963              0
  3.95    -0.18444859      1.1624794              0     -5.2079814     -1.2243448              0
     4    -0.43926564      1.0660817              0     -4.8135261     -2.6143355              0
  4.05    -0.66580121      0.9010459              0     -4.0634198     -3.9331143              0
   4.1    -0.84560762      0.6727703              0     -2.9346932     -5.0917535              0
  4.15    -0.95927052     0.39187054              0      -1.422358     -5.9655954              0
   4.2    -0.98784342    0.076210764              0     0.43098036     -6.3905323              0
  4.25    -0.91617249    -0.24718269              0      2.4916295     -6.1823646              0
   4.3    -0.73868047    -0.54202569              0      4.4977595     -5.2013001              0
  4.35    -0.46639654     -0.7673127              0      6.0814699     -3.4597403              0
   4.4    -0.13053348    -0.88799973              0      6.8954402     -1.2016152              0
  4.45     0.22314748    -0.88747422              0      6.7862183      1.1535252              0
   4.5     0.54808835     -0.7726472              0      5.8624873      3.1935829              0
  4.55     0.80939621    -0.56811592              0      4.4000547      4.6704677              0
   4.6     0.98809382    -0.30560043              0      2.6925134      5.5229237              0
  4.65      1.0786476   -0.015823559              0     0.96306574      5.8079776              0
   4.7      1.0844004     0.27519733              0    -0.64923819      5.6264563              0
  4.75      1.0137237     0.54682207              0     -2.0682971      5.0793025              0
   4.8     0.87757069     0.78312758              0     -3.2553545      4.2511015              0
  4.85     0.68818828     0.97193222              0     -4.1897863      3.2081507              0
   4.9     0.45859206      1.1039426              0     -4.8568842      2.0023862              0
  4.95     0.20249987      1.1721708              0      -5.240583     0.67724183              0
     5   -0.065466245      1.1716668              0     -5.3193393    -0.72566465              0
  5.05    -0.32943407      1.0996044              0     -5.0643929     -2.1587671              0
   5.1    -0.57190553     0.95579012              0     -4.4409493     -3.5589524              0
  5.15      -0.773529     0.74370914              0     -3.4145831     -4.8356859              0
   5.2    -0.91336385     0.47222153              0     -1.9674357     -5.8584917              0
  5.25    -0.97027256     0.15785997              0     -0.1300996     -6.4512413              0
   5.3    -0.92637381    -0.17290261              0      1.9704711     -6.4113432              0
  5.35    -0.77322546    -0.48327435              0       4.069588     -5.5782857              0
   5.4    -0.51941501    -0.73073118              0      5.7876267     -3.9482893              0
  5.45    -0.19446279    -0.87810328              0      6.7628653     -1.7561499              0
   5.5     0.15687152    -0.90634617              0      6.8277413     0.58457304              0
  5.55     0.48831134    -0.81964597              0      6.0738602      2.6654816              0
   5.6     0.76425755      -0.639798              0      4.7571383      4.2346882              0
  5.65     0.96402517    -0.39617716              0      3.1549973      5.2177705              0
   5.7      1.0797573    -0.11802095              0      1.4830492      5.6540199              0
  5.75      1.1123301     0.16922483              0    -0.11931645      5.6276538              0
   5.8      1.0678256     0.44474443              0     -1.5710029      5.2267946              0
  5.85      0.9552298     0.69190429              0     -2.8264632      4.5270342              0
   5.9     0.78517931     0.89744785              0      -3.858052       3.588479              0
  5.95      0.5694246      1.0507522              0     -4.6443213      2.4585682              0
     6     0.32074718      1.1433047              0     -5.1626185      1.1771085              0
  6.05    0.053162754       1.168463              0     -5.3844765    -0.21747951              0
   6.1    -0.21770047      1.1215567              0      -5.273185     -1.6804002              0
  6.15    -0.47415575       1.000423              0     -4.7842315     -3.1503247              0
   6.2    -0.69612363     0.80652425              0     -3.8712213     -4.5362146              0
  6.25    -0.86127788     0.54680157              0     -2.5025187      -5.702711              0
   6.3    -0.94637549     0.23625314              0    -0.69550805     -6.4622173              0
  6.35    -0.93082869   -0.099420152              0      1.4308139     -6.5938538              0
   6.4     -0.8032941    -0.42313223              0      3.6100156     -5.9162467              0
  6.45    -0.56982713    -0.69104482              0      5.4520147     -4.4090801              0
   6.5    -0.25809262    -0.86404025              0      6.5820641     -2.2969726              0
  6.55    0.088379285    -0.92074208              0      6.8192179    0.014246985              0
   6.6     0.42382916    -0.86261555              0      6.2378377      2.1214778              0
  6.65     0.71216306     -0.7085943              0      5.0734751      3.7701541              0
   6.7     0.93117667    -0.48560014              0      3.5868048      4.8736692              0
  6.75      1.0708435    -0.22122737              0      1.9849471       5.454462              0
   6.8      1.1296714    0.059846062              0      0.4064167      5.5806693              0
  6.85      1.1114852     0.33683956              0     -1.0639733      5.3276568              0
   6.9      1.0232741     0.59261174              0     -2.3750261      4.7617074              0
  6.95     0.87398259      0.8130103              0     -3.4930036      3.9361792              0
     7     0.67397369     0.98622966              0     -4.3904409      2.8933132              0
  7.05     0.43493851      1.1023416              0     -5.0386472      1.6684876              0
   7.1     0.17010898      1.1530784              0     -5.4026196     0.29602166              0
  7.15    -0.10532345      1.1319438              0     -5.4378973     -1.1830789              0
   7.2    -0.37368075      1.0347705              0     -5.0901879      -2.710398              0
  7.25    -0.61434225     0.86090399              0      -4.300706     -4.1955523              0
   7.3    -0.80375135     0.61521529              0     -3.0232028      -5.499312              0
  7.35    -0.91666253      0.3109728              0     -1.2607125     -6.4232501              0
   7.4     -0.9298226   -0.027109722              0     0.87690665     -6.7284096              0
  7.45    -0.82897186    -0.36186816              0       3.122609     -6.2125477              0
   7.5     -0.6175617    -0.64836449              0      5.0772163     -4.8385663              0
  7.55    -0.32125024     -0.8457248              0      6.3544358     -2.8199078              0
   7.6    0.017881879    -0.93035527              0      6.7607382    -0.55298574              0
  7.65     0.35482358    -0.90102337              0      6.3531901      1.5659253              0
   7.7     0.65320089    -0.77376274              0      5.3466497      3.2807084              0
  7.75     0.88948856    -0.57295253              0      3.9845718      4.4936267              0
   7.8      1.0516581    -0.32440007              0      2.4647448      5.2112343              0
  7.85       1.135963   -0.051829099              0     0.92364018      5.4862072              0
   7.9      1.1440221     0.22422065              0    -0.55146784      5.3813205              0
  7.95      1.0808163     0.48630295              0     -1.9048796       4.953341              0
     8     0.95353413     0.71955474              0     -3.0977279      4.2484218              0
  8.05     0.77104346     0.91114513              0     -4.0973168      3.3029911              0
   8.1     0.54380244      1.0498539              0     -4.8695486      2.1472606              0
  8.15      0.2840886      1.1258712              0     -5.3733695     0.81058547              0
   8.2    0.006465496      1.1309124              0     -5.5568736    -0.67082622              0
  8.25    -0.27159876      1.0587886              0     -5.3560342     -2.2426177              0
   8.3    -0.52913792     0.90665063              0     -4.6993486      -3.816269              0
  8.35    -0.74153362     0.67716168              0     -3.5251968     -5.2497577              0
   8.4     -0.8816576     0.38167486              0     -1.8211834     -6.3345454              0
  8.45    -0.92365196     0.04370714              0     0.31310389     -6.8139138              0
   8.5    -0.85034721    -0.29971652              0      2.6111439     -6.4648851              0
  8.55    -0.66253757    -0.60278137              0      4.6661143     -5.2334439              0
   8.6    -0.38373578    -0.82306092              0      6.0817462      -3.320911              0
  8.65    -0.05436295    -0.93487247              0      6.6527918      -1.112672              0
   8.7     0.28154339    -0.93432812              0      6.4190875      1.0032773              0
  8.75      0.5875458    -0.83454474              0      5.5746129      2.7703987              0
   8.8     0.83900469    -0.65728825              0      4.3452324      4.0809424              0
  8.85       1.022069     -0.4264505              0      2.9186329      4.9266218              0
   8.9       1.130868    -0.16462607              0      1.4281284      5.3453568              0
  8.95      1.1648819     0.10808519              0   -0.037766876      5.3876003              0
     9      1.1270913     0.37413396              0     -1.4199927       5.100503              0
  9.05      1.0228826     0.61813549              0     -2.6755444      4.5226608              0
   9.1     0.85953685     0.82640004              0      -3.767334      3.6841644              0
  9.15      0.6461492     0.98655193              0     -4.6565639      2.6093941              0
   9.2     0.39388046      1.0873395              0     -5.2967072       1.321927              0
  9.25     0.11647848      1.1187446              0     -5.6288243    -0.14781171              0
   9.3    -0.16900197      1.0725583              0     -5.5793065      -1.750681              0
  9.35    -0.44145218     0.94367653              0     -5.0637073     -3.4012705              0
   9.4     -0.6753727     0.73243124              0       -4.00436     -4.9559031              0
  9.45    -0.84188817     0.44808621              0     -2.3724334     -6.1967201              0
   9.5    -0.91261604     0.11275923              0    -0.25617019     -6.8496653              0
  9.55    -0.86750519    -0.23688032              0      2.0795755     -6.6713024              0
   9.6    -0.70465849    -0.55437101              0      4.2218713     -5.5906755              0
  9.65    -0.44531806    -0.79594787              0      5.7661164     -3.7961001              0
   9.7    -0.12804685    -0.93398102              0      6.4962668     -1.6604091              0
  9.75     0.20430862    -0.96198878              0      6.4351092      0.4380487              0
   9.8     0.51546408    -0.89017615              0      5.7556994      2.2434417              0
  9.85     0.77987856    -0.73764461              0      4.6660448      3.6391784              0
   9.9     0.98206856    -0.52625831              0      3.3430379      4.6032413              0
  9.95      1.1141824    -0.27732048              0       1.915785      5.1595805              0
    10      1.1736471   -0.010300257              0      0.4728627      5.3466921              0
  10.1      1.1614686     0.25734873              0    -0.92443691      5.2021184              0
  10.1      1.0812034     0.50991159              0       -2.22998      4.7566513              0
  10.2     0.93847062     0.73301385              0     -3.4031709      4.0336144              0
  10.2     0.74088627     0.91327302              0     -4.4012881      3.0509707              0
  10.3     0.49834181      1.0381109              0      -5.172998      1.8257635              0
  10.3     0.22358647      1.0958494              0     -5.6528401     0.38168117              0
  10.4   -0.066942199       1.076279              0     -5.7578857     -1.2385067              0
  10.4    -0.35220209      0.9719987              0     -5.3906186     -2.9537748              0
  10.5    -0.60600406     0.78090156              0     -4.4567391     -4.6199781              0
  10.5      -0.797876     0.51000089              0     -2.9100554     -6.0107951              0
  10.6     -0.8970096     0.17982205              0    -0.82645841     -6.8353611              0
  10.6    -0.88052184    -0.17353522              0      1.5320075     -6.8302028              0
  10.7    -0.74380885    -0.50319823              0      3.7479068     -5.9075122              0
  10.7    -0.50573116    -0.76428645              0      5.4100089     -4.2417864              0
  10.8    -0.20280797    -0.92737688              0      6.2924459     -2.1918821              0
  10.8     0.12351343    -0.98347466              0      6.4012495    -0.12522307              0
  10.9     0.43731699    -0.93989918              0      5.8886426      1.7041863              0
  10.9     0.71237769    -0.81305603              0      4.9446137      3.1721263              0
    11     0.93177836    -0.62268656              0       3.734651      4.2440168              0
    11      1.0858428    -0.38865434              0      2.3826751      4.9306981              0
  11.1      1.1700459    -0.12961675              0     0.97620047      5.2591682              0
  11.1      1.1834628     0.13726248              0    -0.42235456      5.2574752              0
  11.2      1.1278104     0.39613078              0     -1.7647429      4.9484656              0
  11.2      1.0069885     0.63210904              0     -3.0077813      4.3483655              0
  11.3     0.82703229     0.83096733              0     -4.1056611      3.4682198              0
  11.3     0.59642244     0.97893102              0     -5.0029911      2.3178485              0
  11.4     0.32673318      1.0627522              0     -5.6284033     0.91329003              0
  11.4    0.033582109        1.07026              0     -5.8900174    -0.71020291              0
  11.5    -0.26226856     0.99173189              0     -5.6772261     -2.4772847              0
  11.5     -0.5341405     0.82253155              0     -4.8786025     -4.2445678              0
  11.6    -0.75012881     0.56727511              0       -3.42976     -5.7781844              0
  11.6    -0.87711649     0.24471311              0     -1.3933065     -6.7710956              0
  11.7    -0.88945946    -0.10983445              0     0.97266072     -6.9403594              0
  11.7    -0.77985042    -0.44932283              0      3.2478725     -6.1815145              0
  11.8    -0.56467221     -0.7279859              0      5.0162108     -4.6545044              0
  11.8    -0.27822934    -0.91477327              0      6.0429988     -2.7029004              0
  11.9    0.039627678    -0.99827595              0      6.3179192    -0.68201749              0
  11.9     0.35356258    -0.98297502              0       5.972585      1.1570743              0
    12     0.63688618    -0.88256851              0      5.1789089      2.6837733              0
    12     0.87145346    -0.71459769              0      4.0904532      3.8521525              0
  12.1      1.0459315    -0.49735327              0      2.8250559      4.6608685              0
  12.1      1.1539591    -0.24851083              0      1.4681047      5.1259705              0
  12.2       1.192742    0.015243783              0    0.082072232      5.2662279              0
  12.2      1.1621663     0.27811196              0      -1.283695      5.0965074              0
  12.3      1.0643725     0.52489453              0     -2.5843727      4.6257086              0
  12.3     0.90372901     0.74068282              0     -3.7719547      3.8575479              0
  12.4     0.68717701     0.91064932              0     -4.7878177      2.7940065              0
  12.4     0.42494723      1.0200835              0     -5.5553954      1.4426095              0
  12.5     0.13163746      1.0549103              0     -5.9743306    -0.17003284              0
  12.5    -0.17248582      1.0030802              0     -5.9210065     -1.9755577              0
  12.6    -0.46046318      0.8573545              0     -5.2664727     -3.8325886              0
  12.6    -0.69913309     0.61982134              0     -3.9274107     -5.5006795              0
  12.7    -0.85320425     0.30728656              0     -1.9522984     -6.6573566              0
  12.7    -0.89436294   -0.045914319              0     0.40584231      -7.000923              0
  12.8    -0.81262002    -0.39280574              0      2.7256267     -6.4105708              0
  12.8    -0.62180027     -0.6869714              0      4.5878147     -5.0310408              0
  12.9    -0.35383856    -0.89590982              0      5.7499707     -3.1894341              0
  12.9   -0.046803198     -1.0059148              0      6.1859431     -1.2278707              0
    13     0.26475575     -1.0186969              0      6.0070849     0.60660151              0
    13      0.5539053    -0.94525466              0      5.3672804      2.1782663              0
  13.1     0.80148379    -0.80087026              0      4.4077388      3.4311025              0
  13.1     0.99467918     -0.6021444              0      3.2394044        4.35257              0
  13.2      1.1254242    -0.36561326              0      1.9445437      4.9483998              0
  13.2      1.1891335    -0.10730442              0     0.58465284      5.2283986              0
  13.3      1.1838895     0.15722659              0    -0.79082356      5.1995236              0
  13.3      1.1100512     0.41264794              0     -2.1363839      4.8632222              0
  13.4     0.97025112     0.64354881              0     -3.4027577      4.2155677              0
  13.4     0.76977542     0.83420471              0     -4.5289853      3.2501676              0
  13.5     0.51735259     0.96856557              0      -5.434102      1.9652283              0
  13.5     0.22636522      1.0307275              0     -6.0098516     0.37762184              0
  13.6    -0.08363257      1.0063278              0      -6.119793      -1.452573              0
  13.6    -0.38561408     0.88547024              0     -5.6171555      -3.387262              0
  13.7    -0.64534812     0.66760155              0     -4.3990576     -5.1804324              0
  13.7    -0.82551984     0.36742701              0     -2.4990902     -6.4950186              0
  13.8    -0.89525715     0.01809969              0    -0.16408645      -7.011427              0
  13.8    -0.84192849    -0.33371569              0       2.185206     -6.5929144              0
  13.9    -0.67673655    -0.64119175              0      4.1281958     -5.3684626              0
  13.9    -0.42910891    -0.87056195              0      5.4157674     -3.6476496              0
    14    -0.13515981     -1.0059567              0      6.0065537     -1.7584149              0
    14     0.17154646     -1.0464034              0      5.9921192    0.057277672              0
  14.1     0.46405212     -1.0002289              0      5.5084705      1.6598747              0
  14.1     0.72239351    -0.88041598              0      4.6841345      2.9845411              0
  14.2     0.93246557    -0.70177483              0       3.622444       4.008577              0
  14.2      1.0846379    -0.47955828              0      2.4016256      4.7281038              0
  14.3      1.1726281    -0.22896446              0      1.0812192      5.1443753              0
  14.3      1.1927598    0.034879253              0    -0.29021221      5.2566137              0
  14.4      1.1436069     0.29669691              0     -1.6674601      5.0587922              0
  14.4      1.0260138     0.54075848              0     -3.0009584      4.5391263              0
  14.5     0.84351106     0.75060954              0     -4.2283686      3.6824013              0
  14.5     0.60317696      0.9089986              0     -5.2652132      2.4767667              0
  14.6     0.31698974      0.9982862              0     -5.9960148     0.92829859              0
  14.6   0.0035754758      1.0018285              0     -6.2717949    -0.91249709              0
  14.7    -0.31018974     0.90703649              0      -5.927767     -2.9120853              0
  14.7    -0.58920123     0.71061993              0     -4.8409685     -4.8199345              0
  14.8    -0.79428659     0.42504304              0     -3.0294431     -6.2853337              0
  14.8    -0.89214553    0.082086558              0    -0.73274162     -6.9717905              0
  14.9    -0.86756075    -0.27213601              0      1.6307966     -6.7271387              0
  14.9    -0.72906587    -0.59062731              0      3.6409875      -5.664143              0
    15      -0.503462     -0.8385503              0       5.043137     -4.0739439              0
    15    -0.22475217     -0.9980217              0      5.7813809      -2.269417              0
  15.1    0.074676092      -1.065492              0      5.9280815    -0.48641303              0
  15.1     0.36805598      -1.046663              0      5.6016213      1.1329532              0
  15.2     0.63483822    -0.95219669              0      4.9176163      2.5163294              0
  15.2     0.85981761    -0.79503007              0      3.9711676      3.6319358              0
  15.3       1.031955    -0.58900311              0      2.8356269       4.467062              0
  15.3      1.1433803    -0.34832387              0      1.5676568      5.0149086              0
  15.4      1.1887207   -0.087512246              0     0.21398948      5.2672369              0
  15.4      1.1647793     0.17839982              0     -1.1814266        5.21063              0
  15.5       1.070578     0.43355075              0     -2.5697243      4.8253318              0
  15.5     0.90780682       0.660933              0     -3.8881977      4.0869508              0
  15.6     0.68175824     0.84224584              0     -5.0498215      2.9729144              0
  15.6     0.40282467     0.95822444              0       -5.93267      1.4774929              0
  15.7    0.088491237     0.98999513              0     -6.3756128    -0.35964657              0
  15.7     -0.2347366     0.92225978              0     -6.1957565     -2.4107998              0
  15.8    -0.53108442     0.74891515              0     -5.2496576     -4.4219936              0
  15.8    -0.75970236     0.48006042              0     -3.5392546     -6.0299193              0
  15.9    -0.88500988     0.14592321              0     -1.2957484     -6.8823189              0
  15.9     -0.8892772    -0.20817148              0      1.0667032     -6.8122097              0
    16    -0.77833956    -0.53529776              0      3.1300531     -5.9157851              0
    16    -0.57627189    -0.79974998              0      4.6351477     -4.4649769              0
  16.1    -0.31482479    -0.98179545              0      5.5124375     -2.7568157              0
  16.1   -0.025028136     -1.0754316              0      5.8157769     -1.0200513              0
  16.2      0.2667529     -1.0838006              0       5.646279     0.60190361              0
  16.2     0.53959977     -1.0152412              0      5.1065227      2.0304824              0
  16.3     0.77740517    -0.88075234              0      4.2828597      3.2259385              0
  16.3     0.96788574    -0.69264735              0        3.24302      4.1675692              0
  16.4      1.1017072    -0.46399542              0      2.0399343      4.8411048              0
  16.4      1.1718792    -0.20853687              0     0.71759628      5.2312174              0
  16.5      1.1734668    0.059126324              0    -0.68226074      5.3172876              0
  16.5      1.1036531     0.32319189              0      -2.112479      5.0715791              0
  16.6      0.9622189     0.56628423              0     -3.5110426      4.4602657              0
  16.6     0.75254884     0.76921846              0     -4.7894153      3.4494683              0
  16.7     0.48327737     0.91123106              0     -5.8200853      2.0206978              0
  16.7     0.17054031     0.97128825              0     -6.4302514     0.20154982              0
  16.8    -0.15974778     0.93138604              0     -6.4189268     -1.8873574              0
  16.8    -0.47135238     0.78255251              0      -5.621912     -3.9897086              0
  16.9    -0.72193898     0.53241518              0     -4.0245889     -5.7307444              0
  16.9    -0.87381127     0.20947808              0      -1.848773     -6.7437018              0
    17    -0.90681628    -0.14195499              0     0.49731647     -6.8474768              0
    17    -0.82407962    -0.47526961              0      2.5994559     -6.1214444              0
  17.1    -0.64687069    -0.75409944              0      4.1951628     -4.8177018              0
  17.1    -0.40456334    -0.95703978              0      5.2021011     -3.2167578              0
  17.2    -0.12666058     -1.0757752              0      5.6564128     -1.5393208              0
  17.2     0.16107794     -1.1109719              0      5.6423943    0.071137469              0
  17.3     0.43757885     -1.0686615              0      5.2495649      1.5311349              0
  17.3     0.68603444    -0.95785838              0      4.5551143      2.7940953              0
  17.4     0.89309028    -0.78925193              0      3.6204978      3.8322163              0
  17.4      1.0480842    -0.57463675              0      2.4941338      4.6244176              0
  17.5      1.1425037    -0.32681018              0      1.2164183      5.1487469              0
  17.5       1.169726   -0.059762064              0     -0.1740628      5.3776714              0
  17.6      1.1250974     0.21095697              0      -1.632878      5.2755727              0
  17.6      1.0064382     0.46779521              0      -3.099795      4.7990334              0
  17.7     0.81511787      0.6908603              0     -4.4858687      3.9023698              0
  17.7     0.55785138     0.85803219              0     -5.6589459       2.553444              0
  17.8     0.24922328      0.9462047              0     -6.4351274     0.76659035              0
  17.8   -0.085661364     0.93469122              0     -6.5954504     -1.3458855              0
  17.9    -0.41032176     0.81161615              0      -5.954815     -3.5264422              0
  17.9    -0.68114287       0.582047              0      -4.481705      -5.390113              0
    18    -0.85849226     0.27260485              0      -2.387554     -6.5570087              0
    18    -0.91989827   -0.073653865              0   -0.072920132     -6.8326804              0
  18.1    -0.86578427    -0.41066319              0      2.0534261     -6.2795475              0
  18.1    -0.71455566    -0.70160862              0      3.7268121     -5.1293926              0
  18.2    -0.49310306    -0.92360245              0      4.8530925     -3.6456311              0
  18.2    -0.22924641     -1.0661717              0       5.451586     -2.0400456              0
  18.3    0.052055535      -1.127607              0      5.5903193    -0.45496145              0
  18.3     0.32978552     -1.1116679              0       5.345834       1.022507              0
  18.4     0.58663894     -1.0253563              0      4.7858514      2.3401057              0
  18.4     0.80837066    -0.87765731              0       3.964998      3.4638696              0
  18.5     0.98313874    -0.67896935              0      2.9264792      4.3666373              0
  18.5      1.1010186    -0.44099357              0      1.7062922       5.020384              0
  18.6       1.153768    -0.17693094              0     0.33897509      5.3910535              0
  18.6      1.1349161    0.098111776              0     -1.1347803      5.4353487              0
  18.7      1.0402899     0.36660392              0     -2.6576468      5.1002092              0
  18.7     0.86915141     0.60813269              0     -4.1414278      4.3277412              0
  18.8     0.62614715     0.79937804              0     -5.4503499      3.0713387              0
  18.8     0.32411642     0.91526657              0     -6.3900734      1.3309399              0
  18.9   -0.012860188     0.93247203              0     -6.7238822    -0.79065125              0
  18.9    -0.34827179     0.83620144              0     -6.2457665     -3.0357929              0
    19    -0.63743684     0.62889274              0     -4.9070833     -5.0106469              0
    19    -0.83898012     0.33513675              0     -2.9079345     -6.3236829              0
  19.1    -0.92823029  -0.0034755483              0    -0.63954552     -6.7679571              0
  19.1    -0.90293467    -0.34165896              0      1.4963267      -6.388908              0
  19.2    -0.77859762    -0.64236635              0      3.2339606     -5.3976694              0
  19.2    -0.57953861    -0.88142589              0      4.4684507     -4.0400964              0
  19.3    -0.33175255      -1.046376              0       5.203266     -2.5182245              0
  19.3   -0.059212011     -1.1332483              0      5.4908014    -0.97207347              0
  19.4     0.21732759     -1.1435833              0      5.3948045     0.50886971              0
  19.4     0.48026844     -1.0823614              0      4.9733305      1.8678285              0
  19.5     0.71466064    -0.95680048              0      4.2737244      3.0656486              0
  19.5     0.90764089    -0.77579652              0      3.3333644      4.0698778              0
  19.6      1.0479971     -0.5498127              0      2.1831126      4.8470526              0
  19.6      1.1259521    -0.29109126              0     0.85260063      5.3570797              0
  19.7      1.1332571   -0.014104727              0    -0.62221972      5.5492933              0
  19.7      1.0637302     0.26383807              0     -2.1880654      5.3610447              0
  19.8      0.9144506     0.52199975              0     -3.7586934      4.7219204              0
  19.8     0.68786083     0.73603011              0     -5.1957984      3.5701057              0
  19.9     0.39487076     0.87901032              0     -6.2953376      1.8900696              0
  19.9    0.058327068     0.92503707              0     -6.8031688    -0.22602444              0
    20    -0.28544612     0.85640788              0     -6.4925012     -2.5215648              0
    20    -0.59092305     0.67288059              0     -5.2974509     -4.5952652              0
  20.1     -0.8151912     0.39688136              0     -3.4058929     -6.0455321              0
  20.1    -0.93151233    0.068327379              0     -1.1981165     -6.6538419              0
  20.2    -0.93500286    -0.26850284              0     0.93261668     -6.4487394              0
  20.2    -0.83825067    -0.57654656              0      2.7206755     -5.6205191              0
  20.3     -0.6629353    -0.83055475              0      4.0515054     -4.3971153              0
  20.3    -0.43310013     -1.0162581              0      4.9137757     -2.9700654              0
  20.4    -0.17155774     -1.1275613              0      5.3449729     -1.4759783              0
  20.4     0.10139716     -1.1638559              0      5.3963352  -0.0054898606              0
  20.5     0.36807578     -1.1281103              0      5.1161617       1.381252              0
  20.5     0.61301333     -1.0257307              0      4.5441672      2.6409019              0
  20.6      0.8224925    -0.86402008              0      3.7113795      3.7365612              0
  20.6     0.98415128     -0.6520746              0      2.6428632      4.6300362              0
  20.7      1.0867788    -0.40101646              0      1.3625342      5.2757758              0
  20.7      1.1204047    -0.12449703              0   -0.099372829      5.6161596              0
  20.8      1.0768415      0.1605995              0     -1.6947663      5.5791137              0
  20.8     0.95092807     0.43341435              0     -3.3406002      5.0814948              0
  20.9     0.74278152     0.66874897              0     -4.8971835      4.0456224              0
  20.9     0.46120971     0.83797659              0     -6.1515807      2.4394963              0
    21     0.12762345      0.9126986              0      -6.832654     0.34355916              0
    21    -0.22205569      0.8723325              0     -6.6931033     -1.9877377              0
  21.1    -0.54168688     0.71392484              0     -5.6498052      -4.147163              0
  21.1    -0.78703621     0.45761621              0     -3.8775738     -5.7247168              0
  21.2    -0.92944426     0.14145316              0     -1.7442443     -6.4912673              0
  21.2    -0.96146064    -0.19151052              0     0.36681294     -6.4586643              0
  21.3    -0.89276297    -0.50441327              0      2.1911898     -5.7963143              0
  21.3    -0.74234165    -0.77114196              0       3.605846     -4.7139762              0
  21.4    -0.53217837    -0.97581089              0      4.5857685     -3.3920152              0
  21.4     -0.2837648     -1.1103435              0      5.1543387     -1.9625889              0
  21.5     -0.0167445     -1.1720698              0      5.3506668    -0.51630193              0
  21.5     0.25130187     -1.1619737              0      5.2133135     0.88446207              0
  21.6     0.50458685     -1.0836236              0      4.7741202      2.1931821              0
  21.6     0.72871389    -0.94265546              0      4.0573371      3.3694006              0
  21.7     0.91032056    -0.74668351              0      3.0816477      4.3709707              0
  21.7      1.0368787    -0.50555839              0      1.8645024      5.1475504              0
  21.8      1.0967708    -0.23192847              0      0.4294739      5.6350814              0
  21.8      1.0798261     0.05794975              0     -1.1816836      5.7523355              0
  21.9     0.97860244     0.34330508              0      -2.890392      5.4033319              0
  21.9     0.79078686     0.59828294              0     -4.5567708      4.4939565              0
    22     0.52292536     0.79270073              0      -5.959867      2.9748205              0
    22     0.19480016     0.89576499              0     -6.8120812      0.9136346              0
  22.1    -0.15828276     0.88406419              0     -6.8460193     -1.4384354              0
  22.1    -0.48980177     0.75192146              0     -5.9614354     -3.6697884              0
  22.2    -0.75442629     0.51708535              0      -4.319319     -5.3637359              0
  22.2    -0.92173367     0.21554786              0     -2.2736309     -6.2815582              0
  22.3    -0.98178938    -0.11107048              0    -0.19654822     -6.4187196              0
  22.3    -0.94138849    -0.42632409              0      1.6498652     -5.9238271              0
  22.4    -0.81680286    -0.70345319              0      3.1352894     -4.9883159              0
  22.4    -0.62785955    -0.92515568              0      4.2222035     -3.7807889              0
  22.5    -0.39458251     -1.0815321              0      4.9207603     -2.4279836              0
  22.5    -0.13578352      -1.167954              0       5.258417     -1.0193475              0
  22.6      0.1312592     -1.1834668              0      5.2641188     0.38161179              0
  22.6     0.39062836     -1.1297929              0      4.9616971       1.726219              0
  22.7      0.6274289     -1.0108449              0       4.368296      2.9713807              0
  22.7     0.82745796    -0.83265479              0      3.4957205      4.0718342              0
  22.8     0.97700095    -0.60366151              0      2.3542723      4.9731952              0
  22.8      1.0628852    -0.33533527              0     0.95995893      5.6055837              0
  22.9      1.0729968   -0.043103142              0    -0.65293694      5.8789955              0
  22.9     0.99759149     0.25256428              0      -2.411595      5.6846087              0
    23     0.83183735     0.52535773              0     -4.1771797      4.9114005              0
    23     0.57987352     0.74370433              0     -5.7216534      3.4917641              0
  23.1       0.259672     0.87453414              0     -6.7415915      1.4797439              0
  23.1   -0.094285629     0.89167872              0     -6.9500673    -0.87789475              0
  23.2    -0.43533473     0.78674466              0     -6.2299428     -3.1668178              0
  23.2    -0.71727991     0.57499694              0     -4.7276965     -4.9654102              0
  23.3    -0.90810438     0.29020364              0     -2.7821059     -6.0264248              0
  23.3    -0.99549049   -0.027645541              0    -0.75295082      -6.329358              0
  23.4    -0.98339946    -0.34273216              0      1.1011535     -6.0022397              0
  23.4    -0.88537514    -0.62786951              0      2.6438451     -5.2181387              0
  23.5    -0.71901495    -0.86454603              0      3.8263174     -4.1333945              0
  23.5     -0.5027434      -1.041209              0      4.6464375     -2.8684367              0
  23.6     -0.2543712     -1.1513897              0      5.1205727     -1.5104906              0
  23.6   0.0093138762      -1.192258              0       5.268278     -0.1231106              0
  23.7      0.2724566     -1.1637008              0      5.1053446       1.243892              0
  23.7     0.51984834     -1.0678688              0      4.6415841      2.5457368              0
  23.8     0.73661501    -0.90912708              0      3.8815162       3.734934              0
  23.8     0.90799996    -0.69437541              0      2.8276854      4.7538821              0
  23.9      1.0193836    -0.43373887              0      1.4876816      5.5275903              0
  23.9      1.0567681    -0.14161638              0    -0.11279762       5.957763              0
    24      1.0081038     0.16203743              0     -1.9079872      5.9228372              0
    24      0.8659694     0.45066734              0     -3.7613592      5.2945038              0
  24.1     0.63196787     0.69148781              0     -5.4387745      3.9862054              0
  24.1     0.32209195     0.84928788              0     -6.6217203      2.0374715              0
  24.2   -0.030204158     0.89523496              0     -7.0044445    -0.31043385              0
  24.2     -0.3783525     0.81824449              0      -6.453259     -2.6421295              0
  24.3    -0.67553006     0.63102201              0     -5.0995293     -4.5328623              0
  24.3    -0.88830543     0.36495827              0     -3.2656626     -5.7279504              0
  24.4     -1.0020963    0.058226972              0     -1.2979388     -6.1914457              0
  24.4     -1.0180993     -0.2541863              0     0.54955699     -6.0311505              0
  24.5    -0.94714062    -0.54488807              0      2.1356793     -5.4018313              0
  24.5    -0.80453138    -0.79436943              0      3.4015951     -4.4471563              0
  24.6    -0.60698111    -0.98960371              0      4.3338875     -3.2804462              0
  24.6    -0.37114263      -1.122414              0      4.9384793     -1.9857095              0
  24.7    -0.11313318     -1.1881747              0      5.2258595    -0.62551282              0
  24.7     0.15144331     -1.1849653              0      5.2038543     0.75020185              0
  24.8     0.40725225     -1.1131545              0      4.8748196      2.0959315              0
  24.8     0.63892527    -0.97537218              0       4.235679      3.3628918              0
  24.9     0.83082015    -0.77686529              0      3.2806924      4.4911573              0
  24.9     0.96699451    -0.52625645              0      2.0082389      5.4014281              0
    25       1.031644    -0.23672248              0     0.43434805      5.9877049              0
    25      1.0104293    0.072514033              0     -1.3835657      6.1158876              0
  25.1     0.89328748     0.37486628              0     -3.3125614      5.6401019              0
  25.1     0.67917317     0.63652423              0     -5.1134239      4.4542127              0
  25.2     0.38194509     0.82028755              0     -6.4533894      2.5824785              0
  25.2     0.03383423     0.89477207              0     -7.0087316     0.25957996              0
  25.3    -0.31892807     0.84624555              0     -6.6296627     -2.0997759              0
  25.3    -0.62913204     0.68479448              0     -5.4319229     -4.0694941              0
  25.4    -0.86212037     0.43929613              0     -3.7204933     -5.3885767              0
  25.4     -1.0011814     0.14593682              0     -1.8271552     -6.0062552              0
  25.5     -1.0448359    -0.16132939              0 -0.00041136626     -6.0105768              0
  25.5     -1.0012225    -0.45512087              0      1.6150776     -5.5381741              0
  25.6    -0.88332813     -0.7151468              0      2.9517385     -4.7197339              0
  25.6    -0.70604865    -0.92709425              0       3.985922       -3.66076              0
  25.7    -0.48473593     -1.0812228              0      4.7138279     -2.4411267              0
  25.7    -0.23466586     -1.1712069              0      5.1372978     -1.1214297              0
  25.8     0.02899385     -1.1933658              0      5.2563713     0.24924083              0
  25.8     0.29097127     -1.1462828              0      5.0659298      1.6256299              0
  25.9     0.53558683     -1.0308028              0        4.55509       2.958625              0
  25.9     0.74648027    -0.85042033              0       3.709387      4.1869317              0
    26     0.90652553    -0.61210961              0       2.517263      5.2278275              0
    26     0.99820657    -0.32763758              0     0.98403635      5.9682964              0
  26.1      1.0049292   -0.015279964              0    -0.84251145      6.2620071              0
  26.1     0.91395543     0.29856313              0     -2.8343122      5.9453434              0
  26.2     0.72149795     0.57925438              0     -4.7481336       4.892076              0
  26.2     0.43914207     0.78777073              0     -6.2378975      3.1105353              0
  26.3    0.097708195     0.89030791              0     -6.9628955     0.82776177              0
  26.3    -0.25714748     0.87054691              0     -6.7577934     -1.5439541              0
  26.4    -0.57807114      0.7359125              0     -5.7222907     -3.5789621              0
  26.4    -0.82937655     0.51265069              0     -4.1430231      -5.011085              0
  26.5    -0.99237345       0.234804              0     -2.3363809     -5.7754552              0
  26.5     -1.0630146    -0.06489483              0    -0.54426762     -5.9409531              0
  26.6     -1.0468002    -0.35929131              0      1.0864075     -5.6263489              0
  26.6    -0.95437389    -0.62752972              0      2.4806336     -4.9491386              0
  26.7    -0.79873685    -0.85420517              0      3.6056222     -4.0063995              0
  26.7    -0.59381167     -1.0281697              0      4.4486402     -2.8730373              0
  26.8    -0.35387283     -1.1415089              0      5.0033893     -1.6067539              0
  26.8   -0.093472734     -1.1888451              0      5.2624012    -0.25483706              0
  26.9      0.1723673     -1.1669926              0      5.2131693       1.138673              0
  26.9     0.42784419     -1.0749777              0      4.8368941       2.525327              0
    27     0.65605671    -0.91445991              0      4.1100394      3.8434692              0
    27     0.83884813    -0.69063083              0       3.010459      5.0079199              0
  27.1      0.9571026    -0.41366792              0       1.531765       5.899428              0
  27.1     0.99202463    -0.10068802              0    -0.28915281      6.3598362              0
  27.2     0.92818732      0.2223157              0      -2.330379      6.2077126              0
  27.2     0.75898673     0.52008324              0     -4.3457503      5.2963352              0
  27.3     0.49361229     0.75194922              0     -5.9769076      3.6175537              0
  27.3     0.16129597     0.88183861              0     -6.8672888       1.389741              0
  27.4    -0.19311659     0.89092331              0     -6.8366644    -0.97897513              0
  27.4    -0.52237047      0.7839411              0     -5.9683778     -3.0651491              0
  27.5    -0.78995436      0.5844084              0     -4.5299422     -4.5985741              0
  27.5    -0.97536469     0.32408368              0     -2.8215717     -5.5010958              0
  27.6     -1.0721115    0.034298816              0     -1.0775961     -5.8231253              0
  27.6     -1.0831243    -0.25822884              0     0.55408041     -5.6659429              0
  27.7     -1.0167035    -0.53229547              0      1.9923172     -5.1337471              0
  27.7    -0.88389258    -0.77160355              0      3.1963124     -4.3146804              0
  27.8    -0.69707224    -0.96376351              0      4.1452511     -3.2779361              0
  27.8    -0.46936747     -1.0993972              0      4.8252854      -2.077466              0
  27.9     -0.2145437     -1.1715101              0      5.2218147    -0.75784672              0
  27.9    0.052814005     -1.1751818              0      5.3151343     0.63904987              0
    28     0.31696973     -1.1076051              0      5.0785246      2.0664438              0
    28     0.56066647    -0.96853745              0      4.4791288       3.463371              0
  28.1     0.76488261    -0.76126802              0      3.4836422      4.7432306              0
  28.1     0.90903069    -0.49421439              0      2.0730329       5.781408              0
  28.2      0.9721859    -0.18312722              0       0.272073      6.4084205              0
  28.2     0.93623799     0.14662766              0     -1.8047376      6.4250496              0
  28.3     0.79171214     0.45937775              0     -3.9094097      5.6638062              0
  28.3     0.54529701     0.71300828              0     -5.6724326      4.0996164              0
  28.4     0.22446888     0.86933938              0     -6.7226479      1.9411928              0
  28.4    -0.12696778     0.90712757              0     -6.8656725    -0.40923177              0
  28.5    -0.46209837     0.82841621              0     -6.1682822     -2.5321341              0
  28.5      -0.743796     0.65391415              0     -4.8782363     -4.1544352              0
  28.6      -0.949922     0.41297269              0      -3.278894     -5.1855903              0
  28.6     -1.0716854     0.13535512              0     -1.5960877     -5.6583409              0
  28.7     -1.1095308     -0.1528614              0    0.022513466     -5.6569486              0
  28.7     -1.0694341    -0.43033974              0      1.4909424     -5.2723103              0
  28.8    -0.96043653    -0.68009243              0      2.7615322     -4.5832314              0
  28.8    -0.79328084    -0.88866288              0      3.8062894     -3.6525424              0
  28.9    -0.57980758     -1.0453467              0      4.6044835     -2.5296642              0
  28.9    -0.33283248     -1.1416293              0      5.1348494     -1.2556029              0
    29   -0.066322641      -1.170907              0      5.3707764     0.13086772              0
    29     0.20424516     -1.1285425              0      5.2777265      1.5856491              0
  29.1     0.46145001     -1.0123421              0       4.813375      3.0495568              0
  29.1     0.68558266    -0.82358685              0      3.9327757      4.4356689              0
  29.2     0.85472758    -0.56877517              0      2.6033793      5.6149616              0
  29.2     0.94592059    -0.26209069              0     0.83665895       6.407218              0
  29.3     0.93839348    0.071946637              0     -1.2615361      6.5955667              0
  29.3     0.81976698     0.39746597              0     -3.4425091      5.9916048              0
  29.4     0.59414257     0.67110712              0     -5.3268186       4.553005              0
  29.4     0.28708512     0.85276648              0     -6.5300882      2.4778702              0
  29.5   -0.058866252     0.91889414              0     -6.8446054      0.1608351              0
  29.5    -0.39737542     0.86884999              0     -6.3204739     -1.9841597              0
  29.6    -0.69091365     0.72047817              0     -5.1852133     -3.6823227              0
  29.6    -0.91589675     0.50061772              0     -3.7047585     -4.8316934              0
  29.7     -1.0613895     0.23730884              0     -2.0955769     -5.4482366              0
  29.7     -1.1254544   -0.044205936              0     -0.5039075     -5.5997609              0
  29.8     -1.1117802    -0.32266725              0     0.98074378     -5.3639612              0
  29.8     -1.0273801    -0.58060205              0      2.3050069     -4.8100099              0
  29.9    -0.88127956    -0.80366824              0      3.4346569     -3.9938239              0
  29.9    -0.68391437    -0.97998444              0      4.3428159     -2.9595927              0
    30    -0.44699797     -1.0996275              0      5.0021095     -1.7439514              0
    30    -0.18370342     -1.1543796              0      5.3794129    -0.38167839              0
  30.1    0.090943311     -1.1377954              0      5.4325774      1.0868165              0
  30.1     0.35955432     -1.0456979              0      5.1097677      2.6052432              0
  30.2     0.60192009    -0.87727103              0      4.3540059       4.087514              0
  30.2     0.79495491    -0.63694653              0      3.1184241      5.4012254              0
  30.3     0.91376249    -0.33714849              0      1.4000679      6.3561038              0
  30.3      0.9349617  -0.0013361536              0    -0.70505963      6.7178603              0
  30.4     0.84325653     0.33463754              0      -2.948678      6.2771665              0
  30.4     0.64009389      0.6263805              0     -4.9427263      4.9742275              0
  30.5      0.3489839     0.83206028              0     -6.2910967      2.9956348              0
  30.5    0.010984227     0.92594398              0     -6.7736463     0.72677099              0
  30.6    -0.32838073     0.90473738              0     -6.4238103     -1.4255973              0
  30.6     -0.6313968     0.78338425              0     -5.4485287     -3.1861238              0
  30.7    -0.87323361       0.586125              0     -4.0958512     -4.4424759              0
  30.7     -1.0409819     0.33913666              0     -2.5720768     -5.1948207              0
  30.8     -1.1304413    0.066642929              0     -1.0208646     -5.4951696              0
  30.8     -1.1430684     -0.2103803              0     0.46600289     -5.4082173              0
  30.9      -1.083841     -0.4741788              0      1.8306177     -4.9933154              0
  30.9    -0.96000661    -0.70971183              0      3.0335052     -4.2990178              0
    31    -0.78049048    -0.90408057              0      4.0424361     -3.3636696              0
    31    -0.55576301     -1.0460788              0      4.8245629     -2.2188002              0
  31.1    -0.29803419     -1.1259606              0      5.3407347     -0.8943376              0
  31.1   -0.021689537     -1.1355126              0       5.541506     0.57399038              0
  31.2     0.25611641     -1.0685616              0      5.3655948      2.1339192              0
  31.2     0.51486994    -0.92212064              0      4.7436979      3.7013975              0
  31.3     0.73048619    -0.69842181              0      3.6139061      5.1417387              0
  31.3     0.87626055    -0.40794676              0      1.9577725       6.255369              0
  31.4     0.92626344    -0.07288491              0     -0.1396924      6.7909206              0
  31.4     0.86229131      0.2711453              0     -2.4317489      6.5182643              0
  31.5     0.68308854     0.57894152              0     -4.5231109       5.360042              0
  31.5     0.40998022      0.8071495              0     -6.0075227       3.490488              0
  31.6    0.082336271     0.92799033              0     -6.6533758      1.2841433              0
  31.6    -0.25535736     0.93556383              0     -6.4775485    -0.86091082              0
  31.7    -0.56541858     0.84189924              0     -5.6662067     -2.6699245              0
  31.7    -0.82197803     0.66857138              0     -4.4491617      -4.021297              0
  31.8     -1.0103347     0.43976954              0     -3.0218125     -4.9004539              0
  31.8     -1.1241593     0.17852599              0     -1.5241433     -5.3443501              0
  31.9     -1.1627491   -0.094665473              0   -0.048986372     -5.4049815              0
  31.9     -1.1290579    -0.36197216              0      1.3423714     -5.1317996              0
    32     -1.0285119    -0.60784543              0      2.6062119     -4.5656505              0
    32    -0.86843673    -0.81853721              0      3.7058032     -3.7385132              0
  32.1    -0.65793161    -0.98169675              0      4.6035357     -2.6761505              0
  32.1    -0.40808316     -1.0861523              0      5.2548123      -1.402836              0
  32.2    -0.13245038     -1.1219803              0      5.6033083    0.051353865              0
  32.2     0.15224767     -1.0810169              0      5.5784676      1.6393185              0
  32.3     0.42539637     -0.9580485              0      5.0984683      3.2802821              0
  32.3      0.6620945    -0.75298866              0      4.0857214      4.8384303              0
  32.4     0.83396851    -0.47420547              0       2.505294      6.1057172              0
  32.4      0.9126239    -0.14241695              0     0.43011878      6.8141364              0
  32.5     0.87698039     0.20720817              0     -1.8957256      6.7130237              0
  32.5     0.72305134     0.52888542              0     -4.0712001      5.7074808              0
  32.6     0.46986038     0.77795625              0     -5.6815661      3.9586019              0
  32.6     0.15489474     0.92474561              0     -6.4847704      1.8285775              0
  32.7    -0.17861666       0.960814              0     -6.4813545    -0.29461889              0
  32.7    -0.49324072     0.89528372              0     -5.8366575     -2.1379734              0
  32.8    -0.76228241     0.74701666              0     -4.7620086     -3.5717737              0
  32.8    -0.96944157     0.53810635              0     -3.4412519      -4.567826              0
  32.9     -1.1064076     0.29023406              0     -2.0096662     -5.1488497              0
  32.9     -1.1704082    0.023221388              0     -0.5599518     -5.3545397              0
    33     -1.1624028    -0.24521991              0     0.84436847     -5.2244748              0
    33     -1.0859713    -0.49922609              0      2.1563549      -4.791555              0
  33.1     -0.9467673    -0.72437541              0      3.3356648     -4.0809674              0
  33.1    -0.75240487    -0.90732283              0      4.3407043     -3.1121275              0
  33.2    -0.51269687     -1.0355882              0       5.122098       -1.90291              0
  33.2    -0.24019507     -1.0976138              0      5.6171614    -0.47680397              0
  33.3    0.049019272     -1.0832686              0      5.7463444      1.1253897              0
  33.3     0.33443937    -0.98507486              0      5.4152164      2.8274375              0
  33.4     0.59054092     -0.8005248              0      4.5299592      4.4936011              0
  33.4     0.78743529    -0.53571475              0      3.0382415      5.9082559              0
  33.5     0.89436506    -0.20969921              0     0.99990174      6.7872971              0
  33.5     0.88742546     0.14301496              0     -1.3447521      6.8599343              0
  33.6     0.75988985     0.47629422              0     -3.5904706      6.0138712              0
  33.6     0.52837841     0.74440207              0     -5.3157621      4.3963486              0
  33.7     0.22831364     0.91592908              0     -6.2691974      2.3557934              0
  33.7   -0.098541336     0.97998141              0     -6.4353082     0.26874411              0
  33.8    -0.41521718     0.94280349              0     -5.9586925     -1.5946448              0
  33.8    -0.69441058     0.82051693              0     -5.0320613     -3.0977473              0
  33.9    -0.91842331     0.63302877              0     -3.8271341     -4.1999305              0
  33.9      -1.077124     0.40052388              0     -2.4735253     -4.9105712              0
    34     -1.1657758     0.14197164              0     -1.0626762     -5.2575546              0
    34     -1.1833916    -0.12523158              0     0.34077199      -5.270719              0
  34.1     -1.1316986    -0.38510025              0      1.6876853     -4.9748862              0
  34.1     -1.0146231     -0.6227202              0      2.9350364     -4.3881256              0
  34.2      -0.838195    -0.82391282              0       4.038085     -3.5230108              0
  34.2    -0.61081458    -0.97502128              0      4.9434257     -2.3903403              0
  34.3    -0.34385243     -1.0629469              0       5.582633     -1.0061229              0
  34.3   -0.052551276     -1.0756336              0      5.8675506      0.5962638              0
  34.4     0.24290264     -1.0033205              0      5.6911528      2.3464128              0
  34.4     0.51656401    -0.84099229              0      4.9429364      4.1099042              0
  34.5     0.73719628    -0.59233005              0      3.5523484      5.6644851              0
  34.5     0.87179885    -0.27454378              0      1.5651953      6.7105908              0
  34.6     0.89371581    0.078729035              0    -0.78308096      6.9578592              0
  34.6     0.79349075     0.42124214              0      -3.084623      6.2768555              0
  34.7      0.5852535     0.70641458              0     -4.9129646      4.8003303              0
  34.7     0.30219429     0.90127517              0     -6.0084073      2.8616414              0
  34.8   -0.015587222     0.99257873              0     -6.3399044     0.82466738              0
  34.8    -0.33179615     0.98374191              0     -6.0315333     -1.0443999              0
  34.9    -0.61874055     0.88813873              0      -5.257359     -2.6032491              0
  34.9    -0.85753206       0.723417              0     -4.1764943     -3.8000364              0
    35       -1.03639     0.50813509              0     -2.9120121      -4.631755              0
    35     -1.1487333      0.2602415              0     -1.5530296      -5.115058              0
  35.1     -1.1916929  -0.0033707052              0    -0.16422392     -5.2702784              0
  35.1     -1.1651557    -0.26678634              0      1.2040998     -5.1141344              0
  35.2      -1.071283    -0.51478414              0      2.5071807     -4.6573532              0
  35.2    -0.91443759    -0.73252166              0      3.6980206     -3.9052636              0
  35.3     -0.7014809     -0.9053105              0       4.720008     -2.8609862              0
  35.3    -0.44243678     -1.0186203              0      5.4996894     -1.5322073              0
  35.4    -0.15151196     -1.0585312              0      5.9407959    0.056219721              0
  35.4      0.1516428     -1.0129983              0       5.923825       1.841006              0
  35.5     0.44087054    -0.87443063              0      5.3212297      3.6903208              0
  35.5     0.68376578    -0.64396623              0      4.0435084      5.3762813              0
  35.6     0.84522139    -0.33680251              0      2.1215849      6.5846002              0
  35.6     0.89592427     0.01449379              0     -0.2150409      7.0060422              0
  35.7      0.8237173     0.36380172              0     -2.5575558      6.4944087              0
  35.7     0.64016869     0.66393466              0     -4.4763261      5.1674066              0
  35.8     0.37608468     0.88054237              0     -5.7045214      3.3421388              0
  35.8    0.069716552     0.99814854              0     -6.1960505      1.3687032              0
  35.9    -0.24352036      1.0174127              0     -6.0548189    -0.49174697              0
  35.9    -0.53576534     0.94897384              0     -5.4363249     -2.0924643              0
    36    -0.78715285     0.80816626              0      -4.486687     -3.3716589              0
    36    -0.98443404     0.61180795              0     -3.3216461      -4.314957              0
  36.1     -1.1193175     0.37667056              0     -2.0270008     -4.9284395              0
  36.1     -1.1871341     0.11896399              0    -0.66642565     -5.2232677              0
  36.2       -1.18596    -0.14565621              0     0.70961219     -5.2081355              0
  36.2     -1.1161729    -0.40184956              0       2.055584     -4.8863079              0
  36.3    -0.98040163      -0.634287              0      3.3231651     -4.2555617              0
  36.3    -0.78385639    -0.82740573              0      4.4534296     -3.3108193              0
  36.4    -0.53505867    -0.96536893              0      5.3686987     -2.0506631              0
  36.4    -0.24698652      -1.032472              0      5.9651879    -0.49035207              0
  36.5    0.061460118     -1.0144041              0        6.11114      1.3152313              0
  36.5     0.36412748    -0.90094891              0      5.6617048       3.238133              0
  36.6      0.6276306    -0.69059084              0      4.5078089      5.0458796              0
  36.6     0.81490838    -0.39636095              0      2.6647368      6.4102941              0
  36.7     0.89410428   -0.049561424              0     0.35499476      7.0041113              0
  36.7     0.85040785     0.30405019              0     -2.0133365      6.6648546              0
  36.8     0.69277063     0.61692403              0      -4.009275      5.4947218              0
  36.8     0.44948035     0.85352237              0     -5.3600171      3.7935041              0
  36.9     0.15676893     0.99627444              0      -6.005059      1.8965062              0
  36.9    -0.15102554       1.043173              0     -6.0286071    0.058798394              0
    37    -0.44609178      1.0021543              0     -5.5677777     -1.5696943              0
    37    -0.70780332     0.88620355              0     -4.7554049     -2.9185273              0
  37.1    -0.92163227     0.71030155              0     -3.6992001     -3.9630258              0
  37.1     -1.0777233     0.48990097              0     -2.4807269     -4.6994339              0
  37.2      -1.169705     0.24035816              0     -1.1616712     -5.1301679              0
  37.2     -1.1938904   -0.023115817              0      0.2083232     -5.2560807              0
  37.3     -1.1488726     -0.2852499              0      1.5839309      -5.072959              0
  37.3     -1.0354973    -0.53041172              0      2.9164651     -4.5708207              0
  37.4    -0.85722613    -0.74233197              0      4.1456376     -3.7359578              0
  37.4    -0.62093358     -0.9040075              0      5.1904317     -2.5571347              0
  37.5    -0.33818296    -0.99804544              0      5.9402428     -1.0389872              0
  37.5   -0.026909304     -1.0079062              0      6.2513837     0.77328387              0
  37.6     0.28695541    -0.92071705              0      5.9615428      2.7568947              0
  37.6     0.56924498    -0.73221675              0      4.9415622      4.6758522              0
  37.6     0.78111163    -0.45313183              0      3.1904315       6.189018              0
  37.7     0.88828813    -0.11331495              0     0.92264031       6.952081              0
  37.7     0.87337566     0.24207627              0     -1.4561731      6.7868791              0
  37.8     0.74267082     0.56537296              0     -3.5154902      5.7797301              0
  37.8     0.52182663     0.82004928              0     -4.9777086      4.2121913              0
  37.9     0.24489996     0.98659209              0     -5.7686373      2.4038717              0
  37.9   -0.055037093      1.0604364              0     -5.9533731     0.60275296              0
    38    -0.35043735      1.0468674              0     -5.6509391      -1.039319              0
    38      -0.620131     0.95650455              0      -4.980695     -2.4445521              0
  38.1    -0.84850685     0.80241218              0     -4.0417237     -3.5790773              0
  38.1     -1.0243034     0.59859682              0     -2.9105218     -4.4301044              0
  38.2      -1.139559     0.35940174              0     -1.6458608      -4.991821              0
  38.2     -1.1888895    0.099414715              0    -0.29560909     -5.2575217              0
  38.3     -1.1691199    -0.16635043              0       1.096078     -5.2156043              0
  38.3     -1.0792817    -0.42214571              0      2.4811396     -4.8482225              0
  38.4    -0.92100598    -0.65117268              0      3.7989297     -4.1326993              0
  38.4    -0.69938868    -0.83541564              0      4.9660584      -3.047343              0
  38.5    -0.42440015    -0.95590697              0      5.8658916     -1.5851863              0
  38.5    -0.11279952    -0.99393426              0      6.3432362     0.21950312              0
  38.6     0.20992348    -0.93395666              0      6.2182633      2.2503989              0
  38.6     0.50902681    -0.76889437              0       5.341334      4.2690843              0
  38.7     0.74405687    -0.50704823              0      3.6945949      5.9224803              0
  38.7      0.8784863    -0.17664635              0      1.4835294      6.8503515              0
  38.8     0.89240981     0.17798691              0    -0.89038274       6.859543              0
  38.8     0.78944803     0.50930796              0     -2.9988737      6.0202187              0
  38.9     0.59252244     0.78000878              0     -4.5607252      4.5949218              0
  38.9     0.33337551     0.96880013              0     -5.4888727      2.8867731              0
    39    0.043635179      1.0686861              0     -5.8300032      1.1357052              0
    39    -0.24962481      1.0823707              0      -5.685437    -0.50575849              0
  39.1    -0.52490852      1.0181102              0     -5.1609719     -1.9537913              0
  39.1      -0.765722     0.88699152              0     -4.3465646     -3.1664678              0
  39.2    -0.95956498     0.70146346              0      -3.312903     -4.1228262              0
  39.2     -1.0970123      0.4747089              0     -2.1149873     -4.8094235              0
  39.3     -1.1710637     0.22052111              0    -0.79800008     -5.2123758              0
  39.3     -1.1768123   -0.046528675              0     0.59602521     -5.3128844              0
  39.4     -1.1114612    -0.31076733              0      2.0206565     -5.0852392              0
  39.4    -0.97474665    -0.55505259              0      3.4159378     -4.4975532              0
  39.5    -0.76986741    -0.76052265              0      4.6971411     -3.5171223              0
  39.5    -0.50503254    -0.90676482              0       5.742483     -2.1244541              0
  39.6    -0.19561911    -0.97296806              0      6.3857838    -0.34166585              0
  39.6     0.13354584    -0.94093141              0       6.429744      1.7226442              0
  39.7     0.44735528    -0.80070363              0      5.7039699      3.8287479              0
  39.7     0.70394282    -0.55805662              0      4.1733284      5.6127377              0
  39.8     0.86468813    -0.23942986              0      2.0333467      6.6997058              0
  39.8     0.90727749     0.11191397              0     -0.3203596      6.8822905              0
  39.9     0.83265216     0.44879919              0     -2.4635197      6.2143288              0
  39.9     0.66092552     0.73334685              0     -4.1124853      4.9387137              0
    40     0.42140364     0.94267056              0     -5.1682139      3.3413972              0
    40     0.14410413      1.0674866              0     -5.6597854      1.6533537              0
  40.1     -0.1445749      1.1080059              0     -5.6713059    0.026564545              0
  40.1    -0.42302646       1.070143              0     -5.2950266     -1.4504158              0
  40.2    -0.67407756     0.96296434              0     -4.6113861     -2.7287656              0
  40.2    -0.88416507     0.79726647              0     -3.6846165     -3.7802657              0
  40.3     -1.0425392     0.58493777              0     -2.5651652     -4.5845163              0
  40.3     -1.1406816     0.33881484              0     -1.2946695     -5.1209266              0
  40.4     -1.1720062    0.072845108              0    0.087886878     -5.3637962              0
  40.4     -1.1318929    -0.19756478              0      1.5387076     -5.2796564              0
  40.5     -1.0181354    -0.45512053              0      2.9996092     -4.8272718              0
  40.5    -0.83193198    -0.68029196              0      4.3856241     -3.9624576              0
  40.6    -0.57957298    -0.85136629              0      5.5707815     -2.6523397              0
  40.6    -0.27485383    -0.94552593              0      6.3785261    -0.90571133              0
  40.7    0.058279623    -0.94193742              0      6.5942367      1.1777993              0
  40.7     0.38456984      -0.827746              0      6.0266182      3.3582741              0
  40.8     0.66094144    -0.60611001              0       4.622937      5.2621782              0
  40.8     0.84686354    -0.30152818              0      2.5678593      6.5013049              0
  40.9     0.91772737     0.04402048              0     0.24945827      6.8549566              0
  40.9     0.87180937     0.38396748              0     -1.9136825      6.3605742              0
    41     0.72635912      0.6800779              0     -3.6366678      5.2409097              0
    41     0.50814258     0.90805846              0     -4.8094492      3.7641778              0
  41.1      0.2454142      1.0564957              0     -5.4443958      2.1515438              0
  41.1   -0.036296994      1.1232128              0     -5.6089831     0.55326276              0
  41.2     -0.3154841       1.111822              0     -5.3820336    -0.93867449              0
  41.2    -0.57450035      1.0293454              0     -4.8341831     -2.2697217              0
  41.3    -0.79890242     0.88484978              0     -4.0226602     -3.4053596              0
  41.3    -0.97676637     0.68880942              0     -2.9926594     -4.3189734              0
  41.4     -1.0981684     0.45295244              0     -1.7814726     -4.9838238              0
  41.4     -1.1549136     0.19042704              0    -0.42413952     -5.3677021              0
  41.5     -1.1405823    -0.08381777              0      1.0391809     -5.4295934              0
  41.5     -1.0509955     -0.3525323              0      2.5531853     -5.1188797              0
  41.6    -0.88526378    -0.59570574              0      4.0338194     -4.3795202              0
  41.6     -0.6476136    -0.79048432              0      5.3519628     -3.1644755              0
  41.7    -0.35006751    -0.91215328              0      6.3213802     -1.4680948              0
  41.7   -0.015475584     -0.9372938              0      6.7103798     0.62016616              0
  41.8     0.32097048    -0.85013667              0      6.3067501      2.8613238              0
  41.8     0.61519943    -0.65116142              0      5.0399557      4.8735015              0
  41.9     0.82496604    -0.36278652              0      3.0829477      6.2566795              0
  41.9      0.9234942   -0.025493472              0     0.81462355      6.7777712              0
    42      0.9064284      0.3149906              0     -1.3537414      6.4578561              0
    42     0.78812006     0.62029214              0     -3.1371816      5.4992013              0
  42.1     0.59271024     0.86491074              0      -4.415681      4.1518265              0
  42.1     0.34655196      1.0354748              0     -5.1858814      2.6263031              0
  42.2    0.074122099       1.127541              0     -5.4993012      1.0700205              0
  42.2    -0.20337815      1.1424768              0     -5.4215538    -0.42285906              0
  42.3    -0.46803328      1.0852551              0     -5.0132951     -1.7932395              0
  42.3    -0.70470766      0.9631529              0     -4.3243048     -3.0012918              0
  42.4    -0.90046376     0.78512597              0     -3.3939125      -4.014988              0
  42.4     -1.0440989      0.5616541              0      -2.254331     -4.8020793              0
  42.5     -1.1258969     0.30491804              0    -0.93580497     -5.3243386              0
  42.5     -1.1376794    0.029220239              0     0.52613057     -5.5335217              0
  42.6     -1.0732838    -0.24843413              0      2.0801761     -5.3697011              0
  42.6    -0.92966179    -0.50774987              0       3.644389     -4.7647026              0
  42.7    -0.70884491    -0.72490439              0      5.0876036     -3.6566163              0
  42.7    -0.42090143     -0.8734115              0      6.2146801     -2.0242908              0
  42.8   -0.087376896    -0.92733347              0       6.777207    0.054143057              0
  42.8     0.25681926     -0.8679972              0      6.5421775      2.3417569              0
  42.9     0.56684085    -0.69315778              0      5.4211741      4.4496987              0
  42.9     0.79893667    -0.42302733              0      3.5746369      5.9677207              0
    43     0.92430454   -0.096385717              0      1.3707148      6.6513604              0
    43     0.93600815     0.24210871              0    -0.78816478      6.5054759              0
  43.1     0.84548807     0.55416187              0     -2.6181307      5.7116499              0
  43.1     0.67419508      0.8132737              0     -3.9902979      4.5013614              0
  43.2     0.44645828       1.004298              0     -4.8866404      3.0738748              0
  43.2     0.18553105      1.1206612              0     -5.3434781      1.5726294              0
  43.3   -0.087889527      1.1615609              0     -5.4135343    0.092730309              0
  43.3    -0.35582238      1.1299342              0     -5.1474158     -1.3033437              0
  43.4     -0.6026311      1.0312266              0     -4.5871133     -2.5714684              0
  43.4    -0.81453372     0.87278737              0      -3.765571     -3.6750562              0
  43.5    -0.97918821     0.66372096              0     -2.7092639     -4.5770616              0
  43.5     -1.0854601     0.41508121              0     -1.4428416     -5.2338207              0
  43.6     -1.1234724     0.14033889              0   0.0037461651     -5.5902806              0
  43.6     -1.0850855    -0.14394685              0      1.5843333     -5.5773856              0
  43.7    -0.96503903    -0.41739967              0      3.2203236     -5.1146511              0
  43.7    -0.76305313    -0.65541196              0       4.779669     -4.1246771              0
  43.8    -0.48707213    -0.82986738              0      6.0591721     -2.5698262              0
  43.8    -0.15713592    -0.91239458              0      6.7941518    -0.51581284              0
  43.9     0.19234305    -0.88144866              0      6.7310668      1.8036011              0
  43.9     0.51597076    -0.73203447              0      5.7636594      3.9940299              0
    44     0.76870899    -0.48204568              0      4.0391261      5.6366671              0
    44     0.91988338    -0.16836775              0      1.9133723      6.4767447              0
  44.1     0.96004622     0.16562879              0    -0.22147218       6.503143              0
  44.1     0.89773616     0.48194654              0     -2.0837792      5.8767041              0
  44.2      0.7516683     0.75329921              0     -3.5369434      4.8101315              0
  44.2     0.54404182     0.96295969              0     -4.5493984      3.4907477              0
  44.3     0.29672846       1.102374              0     -5.1431031       2.057022              0
  44.3    0.029731514      1.1686619              0     -5.3583056     0.60381934              0
  44.4    -0.23910209      1.1627559              0     -5.2356012    -0.80414898              0
  44.4    -0.49382861       1.088247              0      -4.808958     -2.1194922              0
  44.5     -0.7199979     0.95080669              0     -4.1045107     -3.3019593              0
  44.5    -0.90427968     0.75805107              0     -3.1424182     -4.3104878              0
  44.6     -1.0342397     0.51975791              0     -1.9409961     -5.0966443              0
  44.6     -1.0983793     0.24838664              0     -0.5236811     -5.5990901              0
  44.7     -1.0866078   -0.040151097              0      1.0696197     -5.7399307              0
  44.7    -0.99141732    -0.32560643              0      2.7649181     -5.4262971              0
  44.8    -0.81011601     -0.5827808              0      4.4304951      -4.564769              0
  44.8     -0.5483678    -0.78208333              0      5.8560065     -3.1003186              0
  44.9    -0.22451536    -0.89281266              0      6.7610497     -1.0852227              0
  44.9     0.12773717     -0.8906056              0      6.8719511      1.2510204              0
    45     0.46267975    -0.76771062              0      6.0647773      3.5100003              0
    45      0.7342149    -0.53960558              0      4.4728187      5.2660904              0
  45.1     0.90996163    -0.24110158              0      2.4383343      6.2553338              0
  45.1     0.97804833    0.085927807              0     0.34180452      6.4509803              0
  45.2     0.94414208     0.40399646              0     -1.5385136      5.9932144              0
  45.2     0.82419697     0.68524925              0     -3.0594832      5.0758394              0
  45.3     0.63819376      0.9115804              0     -4.1771831      3.8736853              0
  45.3     0.40647866      1.0726178              0     -4.9001206      2.5193043              0
  45.4      0.1481817      1.1635108              0     -5.2565754       1.106193              0
  45.4    -0.11917888      1.1832371              0     -5.2772744    -0.29982828              0
  45.5    -0.37954574       1.133528              0     -4.9880353     -1.6491355              0
  45.5    -0.61798241      1.0183235              0     -4.4078597     -2.8987439              0
  45.6    -0.82033172     0.84365361              0      -3.550099      -4.004412              0
  45.6    -0.97299231     0.61788233              0     -2.4260632     -4.9136857              0
  45.7      -1.062938     0.35228504              0     -1.0517927     -5.5595612              0
  45.7     -1.0781716    0.061926209              0     0.54017702     -5.8557017              0
  45.8     -1.0089203    -0.23328512              0      2.2817441     -5.6968849              0
  45.8    -0.84999717    -0.50776228              0      4.0427683     -4.9732339              0
  45.9    -0.60464352    -0.73060851              0      5.6067257     -3.6115139              0
  45.9     -0.2893246    -0.86891367              0      6.6781358     -1.6496228              0
    46    0.063170068    -0.89557079              0      6.9637389     0.68828262              0
    46     0.40704928    -0.80008541              0       6.322211      3.0013348              0
  46.1     0.69539117    -0.59543731              0       4.872351      4.8588774              0
  46.1     0.89428438    -0.31419767              0      2.9414727      5.9889183              0
  46.2     0.98953844    0.003454522              0     0.89716031      6.3495252              0
  46.2     0.98400041     0.32075485              0    -0.98680352      6.0604426              0
  46.3     0.89085809     0.60949878              0     -2.5619701      5.2965589              0
  46.3      0.7278034     0.85041073              0     -3.7732957      4.2197506              0
  46.4     0.51352852      1.0314738              0      -4.616811      2.9557857              0
  46.4      0.2661223      1.1459893              0     -5.1094205      1.5957278              0
  46.5   0.0025864689      1.1910466              0     -5.2722275     0.20541884              0
  46.5    -0.26110045      1.1665312              0     -5.1228786     -1.1643121              0
  46.6    -0.50970139      1.0746154              0      -4.673021     -2.4686996              0
  46.6    -0.72840255     0.91966122              0     -3.9287985     -3.6612123              0
  46.7    -0.90258124     0.70849418              0     -2.8939203     -4.6861979              0
  46.7     -1.0177946     0.45104143              0     -1.5761987     -5.4717025              0
  46.8     -1.0602011     0.16132393              0   0.0002913672     -5.9234488              0
  46.8     -1.0177654    -0.14130345              0      1.7746192     -5.9239978              0
  46.9    -0.88273919    -0.43107584              0       3.619501     -5.3466761              0
  46.9    -0.65581534    -0.67597107              0       5.313248     -4.0993217              0
    47    -0.35141438    -0.84100802              0      6.5460398     -2.2045998              0
    47  -0.0012113582    -0.89643105              0      7.0057201     0.11972715              0
  47.1     0.34915763     -0.8290353              0       6.533979      2.4719515              0
  47.1     0.65218654     -0.6492359              0      5.2346195        4.41821              0
  47.2     0.87261958     -0.3872143              0      3.4188293      5.6796575              0
  47.2     0.99406947   -0.081270143              0      1.4401565      6.1997259              0
  47.3      1.0166352     0.23275829              0    -0.43316287      6.0780677              0
  47.3     0.95075319     0.52653662              0     -2.0486076      5.4707501              0
  47.4     0.81177447      0.7798333              0     -3.3412811      4.5263283              0
  47.4     0.61662508     0.97916946              0     -4.2957688      3.3630069              0
  47.5      0.3821976       1.116134              0     -4.9182748      2.0684232              0
  47.5     0.12479761      1.1860118              0     -5.2206214     0.70739775              0
  47.6    -0.13986454      1.1868738              0     -5.2123689    -0.66904816              0
  47.6    -0.39643928       1.119107              0     -4.8976924     -2.0153361              0
  47.7    -0.62963378     0.98534015              0     -4.2752245     -3.2835748              0
  47.7    -0.82396174     0.79074948              0     -3.3405604     -4.4158041              0
  47.8    -0.96368982     0.54375974              0      -2.092514     -5.3359235              0
  47.8     -1.0332131     0.25715713              0     -0.5456431     -5.9423209              0
  47.9     -1.0182541   -0.050472347              0      1.2475742       -6.10558              0
  47.9    -0.90845571    -0.35340087              0      3.1640053     -5.6819917              0
    48     -0.7018536    -0.61867151              0      4.9778497     -4.5598486              0
    48    -0.41067074    -0.80938573              0      6.3657777      -2.745826              0
  48.1   -0.065275834    -0.89325411              0      6.9975703    -0.45026699              0
  48.1     0.28908629    -0.85441243              0      6.6984502      1.9259333              0
  48.2     0.60456918    -0.70066078              0       5.556808      3.9475425              0
  48.2     0.84476709    -0.45965818              0      3.8666497      5.3300642              0
  48.3     0.99123415    -0.16765436              0      1.9664598      6.0029352              0
  48.3      1.0414131     0.14063534              0     0.11789059      6.0461883              0
  48.4      1.0030232     0.43696447              0     -1.5237123      5.5972701              0
  48.4     0.88904184     0.70036235              0     -2.8848954      4.7911444              0
  48.5     0.71453367     0.91607891              0     -3.9398791      3.7377662              0
  48.5     0.49505393       1.074139              0     -4.6849158      2.5204312              0
  48.6     0.24604209       1.168122              0     -5.1229833      1.2019499              0
  48.6   -0.017244406       1.194334              0      -5.255743    -0.16745277              0
  48.7    -0.27953221      1.1513768              0     -5.0798849     -1.5423574              0
  48.7     -0.5252329      1.0400982              0     -4.5863274     -2.8744752              0
  48.8    -0.73816495     0.86392924              0     -3.7621264     -4.1044877              0
  48.8    -0.90144554     0.62964946              0     -2.5963962     -5.1530351              0
  48.9    -0.99780457     0.34862572              0     -1.0931619     -5.9118748              0
  48.9     -1.0107617    0.038461977              0     0.70481801      -6.239956              0
    49    -0.92732277    -0.27536988              0      2.6798619     -5.9763946              0
    49    -0.74277553    -0.55917748              0      4.6031424     -4.9894299              0
  49.1    -0.46700852    -0.77431286              0      6.1387412     -3.2690917              0
  49.1    -0.12890141    -0.88608665              0      6.9393516     -1.0173134              0
  49.2     0.22692664    -0.87604421              0      6.8143573      1.3674984              0
  49.2     0.55253431    -0.74933682              0      5.8364117      3.4505763              0
  49.3     0.81056781    -0.53098658              0      4.2814174      4.9429854              0
  49.3     0.98067605    -0.25503828              0      2.4718808      5.7608991              0
  49.4      1.0577559    0.045103329              0     0.66187489      5.9653203              0
  49.4      1.0468635     0.34149375              0    -0.99167616      5.6753804              0
  49.5     0.95858828     0.61264137              0     -2.4080734      5.0122818              0
  49.5      0.8060562     0.84272194              0     -3.5522922      4.0771418              0
  49.6     0.60335906      1.0203555              0     -4.4114488      2.9480849              0
  49.6     0.36491131      1.1375304              0     -4.9802012      1.6849837              0
  49.7     0.10533894      1.1888539              0     -5.2525993      0.3363123              0
  49.7    -0.16034861      1.1711617              0     -5.2179399      -1.053635              0
  49.8    -0.41645505      1.0834904              0     -4.8593262     -2.4371578              0
  49.8    -0.64628123     0.92744587              0      -4.154944     -3.7545797              0
  49.9    -0.83194945     0.70803245              0     -3.0835821     -4.9242461              0
  49.9    -0.95463944     0.43502126              0     -1.6377687     -5.8320823              0
    50    -0.99572632     0.12482422              0     0.15070033     -6.3258457              0
